0.000000000000000000e+00 3.180000000000000081e-13
2.000000000000000042e-02 2.097199999999999748e-11
4.000000000000000083e-02 4.210899999999999516e-11
5.999999999999999778e-02 6.459299999999999346e-11
8.000000000000000167e-02 8.925699999999999742e-11
1.000000000000000056e-01 1.164600000000000042e-10
1.199999999999999956e-01 1.456950000000000071e-10
1.399999999999999856e-01 1.798030000000000149e-10
1.600000000000000311e-01 2.170269999999999993e-10
1.800000000000000211e-01 2.587719999999999931e-10
2.000000000000000111e-01 3.050520000000000132e-10
2.200000000000000289e-01 3.571680000000000533e-10
2.399999999999999911e-01 4.146020000000000123e-10
2.600000000000000089e-01 4.780150000000000290e-10
2.799999999999999711e-01 5.497729999999999791e-10
3.000000000000000444e-01 6.679460000000000217e-10
3.200000000000000622e-01 8.618940000000000431e-10
3.400000000000000244e-01 2.737070000000000351e-09
3.600000000000000422e-01 3.095340000000000191e-09
3.800000000000000044e-01 1.870260000000000033e-08
4.000000000000000222e-01 1.983899999999999918e-07
4.200000000000000400e-01 9.233999999999999173e-07
4.400000000000000577e-01 3.158199999999999785e-07
4.599999999999999645e-01 3.892199999999999873e-07
4.799999999999999822e-01 3.336099999999999810e-07
5.000000000000000000e-01 6.456000000000000106e-07
5.200000000000000178e-01 1.000019999999999956e-04
5.400000000000000355e-01 1.000029999999999978e-04
5.599999999999999423e-01 1.000019999999999956e-04
5.799999999999999600e-01 1.000019999999999956e-04
6.000000000000000888e-01 1.000029999999999978e-04
6.200000000000001066e-01 1.000029999999999978e-04
6.400000000000001243e-01 1.000019999999999956e-04
6.600000000000000311e-01 1.000019999999999956e-04
6.800000000000000488e-01 1.000029999999999978e-04
7.000000000000000666e-01 1.000029999999999978e-04
