0.000000000000000000e+00 3.180000000000000081e-13
2.000000000000000042e-02 2.097199999999999748e-11
4.000000000000000083e-02 4.210899999999999516e-11
5.999999999999999778e-02 6.459299999999999346e-11
8.000000000000000167e-02 8.925699999999999742e-11
1.000000000000000056e-01 1.164600000000000042e-10
1.199999999999999956e-01 1.456950000000000071e-10
1.399999999999999856e-01 1.798030000000000149e-10
1.600000000000000311e-01 2.170269999999999993e-10
1.800000000000000211e-01 2.587719999999999931e-10
2.000000000000000111e-01 3.050520000000000132e-10
2.200000000000000289e-01 3.571680000000000533e-10
2.399999999999999911e-01 4.146020000000000123e-10
2.600000000000000089e-01 4.780150000000000290e-10
2.799999999999999711e-01 5.497729999999999791e-10
3.000000000000000444e-01 6.679460000000000217e-10
3.200000000000000622e-01 8.618940000000000431e-10
3.400000000000000244e-01 2.737070000000000351e-09
3.600000000000000422e-01 3.095340000000000191e-09
3.800000000000000044e-01 1.870260000000000033e-08
4.000000000000000222e-01 1.983899999999999918e-07
4.200000000000000400e-01 9.233999999999999173e-07
4.400000000000000577e-01 3.158199999999999785e-07
4.599999999999999645e-01 3.892199999999999873e-07
4.799999999999999822e-01 3.336099999999999810e-07
5.000000000000000000e-01 6.456000000000000106e-07
5.200000000000000178e-01 1.000019999999999956e-04
5.400000000000000355e-01 1.000029999999999978e-04
5.599999999999999423e-01 1.000019999999999956e-04
5.799999999999999600e-01 1.000019999999999956e-04
6.000000000000000888e-01 1.000029999999999978e-04
6.200000000000001066e-01 1.000029999999999978e-04
6.400000000000001243e-01 1.000019999999999956e-04
6.600000000000000311e-01 1.000019999999999956e-04
6.800000000000000488e-01 1.000029999999999978e-04
7.000000000000000666e-01 1.000029999999999978e-04
7.000000000000000666e-01 1.000029999999999978e-04
6.800000000000000488e-01 1.000029999999999978e-04
6.600000000000000311e-01 1.000029999999999978e-04
6.400000000000001243e-01 1.000019999999999956e-04
6.200000000000001066e-01 1.000029999999999978e-04
6.000000000000000888e-01 1.000019999999999956e-04
5.799999999999999600e-01 1.000029999999999978e-04
5.599999999999999423e-01 1.000029999999999978e-04
5.400000000000000355e-01 1.000029999999999978e-04
5.200000000000000178e-01 1.000019999999999956e-04
5.000000000000000000e-01 1.000029999999999978e-04
4.799999999999999822e-01 1.000029999999999978e-04
4.599999999999999645e-01 1.000019999999999956e-04
4.400000000000000577e-01 1.000029999999999978e-04
4.200000000000000400e-01 1.000029999999999978e-04
4.000000000000000222e-01 1.000019999999999956e-04
3.800000000000000044e-01 1.000029999999999978e-04
3.600000000000000422e-01 1.000010000000000070e-04
3.400000000000000244e-01 1.000029999999999978e-04
3.200000000000000622e-01 1.000029999999999978e-04
3.000000000000000444e-01 1.000019999999999956e-04
2.799999999999999711e-01 1.000019999999999956e-04
2.600000000000000089e-01 1.000029999999999978e-04
2.399999999999999911e-01 1.000029999999999978e-04
2.200000000000000289e-01 1.000019999999999956e-04
2.000000000000000111e-01 1.000019999999999956e-04
1.800000000000000211e-01 8.983900000000000501e-05
1.600000000000000311e-01 7.850100000000001293e-05
1.399999999999999856e-01 6.817899999999999894e-05
1.199999999999999956e-01 5.822100000000000381e-05
1.000000000000000056e-01 4.806500000000000144e-05
8.000000000000000167e-02 3.849300000000000567e-05
5.999999999999999778e-02 2.869699999999999985e-05
4.000000000000000083e-02 1.905499999999999967e-05
2.000000000000000042e-02 9.528060000000000048e-06
0.000000000000000000e+00 1.477599999999999943e-07
0.000000000000000000e+00 9.798519999999999784e-08
-2.000000000000000042e-02 -7.558239999999999314e-06
-4.000000000000000083e-02 -1.462100000000000113e-05
-5.999999999999999778e-02 -2.165900000000000388e-05
-8.000000000000000167e-02 -2.778900000000000448e-05
-1.000000000000000056e-01 -3.303600000000000015e-05
-1.199999999999999956e-01 -3.789500000000000225e-05
-1.399999999999999856e-01 -4.399800000000000125e-05
-1.600000000000000311e-01 -4.275100000000000455e-05
-1.800000000000000211e-01 -3.207000000000000296e-05
-2.000000000000000111e-01 -1.330000000000000141e-05
-2.200000000000000289e-01 -1.427200000000000159e-05
-2.399999999999999911e-01 -1.293100000000000037e-05
-2.600000000000000089e-01 -1.021099999999999931e-05
-2.799999999999999711e-01 -1.021400000000000250e-05
-3.000000000000000444e-01 -9.049199999999999689e-06
-3.200000000000000622e-01 -9.315440000000000040e-06
-3.400000000000000244e-01 -3.119299999999999616e-07
-3.600000000000000422e-01 -4.353999999999999945e-07
-3.800000000000000044e-01 -5.519799999999999439e-07
-4.000000000000000222e-01 -6.386199999999999309e-07
-4.200000000000000400e-01 -2.195399999999999661e-07
-4.400000000000000577e-01 -4.985699999999998911e-07
-4.599999999999999645e-01 -3.994399999999999822e-07
-4.799999999999999822e-01 -3.471399999999999705e-07
-5.000000000000000000e-01 -2.241199999999999978e-07
-5.200000000000000178e-01 -1.006828000000000047e-07
-5.400000000000000355e-01 -1.006999999999999819e-07
-5.599999999999999423e-01 -8.936150000000000249e-08
-5.799999999999999600e-01 -1.007645999999999943e-07
-6.000000000000000888e-01 -6.689549999999999176e-08
-6.200000000000001066e-01 -1.046799999999999950e-07
-6.400000000000001243e-01 -5.588040000000000320e-08
-6.600000000000000311e-01 -6.789260000000000272e-08
-6.800000000000000488e-01 -1.291199999999999809e-07
-7.000000000000000666e-01 -8.138880000000000416e-08
-7.200000000000000844e-01 -3.464529999999999988e-08
-7.400000000000001021e-01 -2.239640000000000261e-08
-7.600000000000000089e-01 -2.661760000000000205e-08
-7.800000000000000266e-01 -4.431700000000000568e-08
-8.000000000000000444e-01 -4.075900000000000121e-08
-8.199999999999999512e-01 -3.952279999999999839e-08
-8.199999999999999512e-01 -7.098930000000000424e-08
-8.000000000000000444e-01 -6.893169999999999513e-08
-7.800000000000000266e-01 -1.961990000000000087e-08
-7.600000000000000089e-01 -2.030120000000000182e-08
-7.400000000000001021e-01 -4.742120000000000247e-08
-7.200000000000000844e-01 -3.079470000000000244e-08
-7.000000000000000666e-01 -2.062260000000000362e-08
-6.800000000000000488e-01 -2.020709999999999901e-08
-6.600000000000000311e-01 -2.386499999999999896e-08
-6.400000000000001243e-01 -1.868549999999999881e-08
-6.200000000000001066e-01 -1.308750000000000056e-08
-6.000000000000000888e-01 -1.063560000000000161e-08
-5.799999999999999600e-01 -1.029400000000000106e-08
-5.599999999999999423e-01 -7.375240000000000269e-09
-5.400000000000000355e-01 -9.002200000000001029e-09
-5.200000000000000178e-01 -9.419449999999999355e-09
-5.000000000000000000e-01 -6.185840000000000220e-09
-4.799999999999999822e-01 -5.602410000000000302e-09
-4.599999999999999645e-01 -3.951610000000000171e-09
-4.400000000000000577e-01 -3.686670000000000050e-09
-4.200000000000000400e-01 -2.500090000000000204e-09
-4.000000000000000222e-01 -2.169700000000000479e-09
-3.800000000000000044e-01 -2.013790000000000343e-09
-3.600000000000000422e-01 -1.383780000000000158e-09
-3.400000000000000244e-01 -1.141740000000000030e-09
-3.200000000000000622e-01 -1.026030000000000023e-09
-3.000000000000000444e-01 -8.093019999999999005e-10
-2.799999999999999711e-01 -6.873900000000000427e-10
-2.600000000000000089e-01 -5.780109999999999595e-10
-2.399999999999999911e-01 -4.940050000000000948e-10
-2.200000000000000289e-01 -4.283339999999999914e-10
-2.000000000000000111e-01 -3.419520000000000099e-10
-1.800000000000000211e-01 -2.891000000000000150e-10
-1.600000000000000311e-01 -2.386309999999999900e-10
-1.399999999999999856e-01 -1.905489999999999952e-10
-1.199999999999999956e-01 -1.661250000000000079e-10
-1.000000000000000056e-01 -1.294860000000000014e-10
-8.000000000000000167e-02 -1.045020000000000053e-10
-5.999999999999999778e-02 -6.900400000000000284e-11
-4.000000000000000083e-02 -4.348399999999999687e-11
-2.000000000000000042e-02 -2.115099999999999823e-11
0.000000000000000000e+00 8.900000000000000447e-13
