-5.000000000000000000e-01 -2.015880000000000281e-09
-4.799999999999999822e-01 -1.823640000000000126e-09
-4.599999999999999645e-01 -1.641530000000000017e-09
-4.400000000000000577e-01 -1.476490000000000140e-09
-4.200000000000000400e-01 -1.324840000000000152e-09
-4.000000000000000222e-01 -1.184390000000000084e-09
-3.800000000000000044e-01 -1.054090000000000027e-09
-3.600000000000000422e-01 -9.359339999999999239e-10
-3.400000000000000244e-01 -8.291580000000000436e-10
-3.200000000000000622e-01 -7.309230000000000205e-10
-3.000000000000000444e-01 -6.416750000000000615e-10
-2.799999999999999711e-01 -5.615160000000000077e-10
-2.600000000000000089e-01 -4.889429999999999937e-10
-2.399999999999999911e-01 -4.214419999999999598e-10
-2.200000000000000289e-01 -3.620169999999999814e-10
-2.000000000000000111e-01 -3.092979999999999901e-10
-1.800000000000000211e-01 -2.613690000000000411e-10
-1.600000000000000311e-01 -2.179620000000000069e-10
-1.399999999999999856e-01 -1.802910000000000136e-10
-1.199999999999999956e-01 -1.466720000000000132e-10
-1.000000000000000056e-01 -1.163580000000000081e-10
-8.000000000000000167e-02 -8.792199999999998342e-11
-5.999999999999999778e-02 -6.342599999999999894e-11
-4.000000000000000083e-02 -4.181099999999999784e-11
-2.000000000000000042e-02 -1.992799999999999829e-11
0.000000000000000000e+00 6.100000000000000261e-13
