0.000000000000000000e+00 3.290000000000000118e-13
2.000000000000000042e-02 2.214900000000000024e-11
4.000000000000000083e-02 4.576499999999999654e-11
5.999999999999999778e-02 6.995399999999999697e-11
8.000000000000000167e-02 9.664899999999998854e-11
1.000000000000000056e-01 1.322800000000000075e-10
1.199999999999999956e-01 1.598180000000000058e-10
1.399999999999999856e-01 1.991180000000000149e-10
1.600000000000000311e-01 2.361289999999999815e-10
1.800000000000000211e-01 2.848330000000000131e-10
2.000000000000000111e-01 3.316470000000000129e-10
2.200000000000000289e-01 3.998279999999999866e-10
2.399999999999999911e-01 4.490800000000000147e-10
2.600000000000000089e-01 5.048759999999999841e-10
2.799999999999999711e-01 6.824889999999999786e-10
3.000000000000000444e-01 8.381240000000000311e-10
3.200000000000000622e-01 8.364240000000001300e-10
3.400000000000000244e-01 1.039720000000000004e-09
3.600000000000000422e-01 9.376160000000000841e-10
3.800000000000000044e-01 1.073199999999999975e-09
4.000000000000000222e-01 1.228120000000000098e-09
4.200000000000000400e-01 1.322959999999999948e-09
4.400000000000000577e-01 1.465330000000000150e-09
4.599999999999999645e-01 1.599390000000000202e-09
4.799999999999999822e-01 1.393400000000000023e-07
5.000000000000000000e-01 5.354399999999999294e-07
5.200000000000000178e-01 1.000029999999999978e-04
5.400000000000000355e-01 1.000019999999999956e-04
5.599999999999999423e-01 1.000019999999999956e-04
5.799999999999999600e-01 1.000029999999999978e-04
6.000000000000000888e-01 1.000029999999999978e-04
6.200000000000001066e-01 1.000029999999999978e-04
6.400000000000001243e-01 1.000029999999999978e-04
6.600000000000000311e-01 1.000029999999999978e-04
6.800000000000000488e-01 1.000019999999999956e-04
7.000000000000000666e-01 1.000019999999999956e-04
7.200000000000000844e-01 1.000029999999999978e-04
