0.000000000000000000e+00 6.580000000000000235e-13
2.000000000000000042e-02 2.236399999999999962e-11
4.000000000000000083e-02 4.539599999999999761e-11
5.999999999999999778e-02 6.992999999999999788e-11
8.000000000000000167e-02 9.588299999999999604e-11
1.000000000000000056e-01 1.241530000000000054e-10
1.199999999999999956e-01 1.583320000000000019e-10
1.399999999999999856e-01 1.929920000000000145e-10
1.600000000000000311e-01 2.325239999999999975e-10
1.800000000000000211e-01 2.760619999999999924e-10
2.000000000000000111e-01 3.248810000000000282e-10
2.200000000000000289e-01 3.733699999999999731e-10
2.399999999999999911e-01 4.419690000000000172e-10
2.600000000000000089e-01 5.060310000000000696e-10
2.799999999999999711e-01 5.755929999999999995e-10
3.000000000000000444e-01 6.638519999999999529e-10
3.200000000000000622e-01 7.458610000000000572e-10
3.400000000000000244e-01 8.523720000000001457e-10
3.600000000000000422e-01 9.209910000000001545e-10
3.800000000000000044e-01 1.039879999999999929e-09
4.000000000000000222e-01 1.163720000000000196e-09
4.200000000000000400e-01 1.281910000000000178e-09
4.400000000000000577e-01 2.077240000000000037e-06
4.599999999999999645e-01 2.454499999999999645e-07
4.799999999999999822e-01 3.987620000000000339e-08
5.000000000000000000e-01 1.000040000000000136e-04
5.200000000000000178e-01 1.000029999999999978e-04
5.400000000000000355e-01 1.000029999999999978e-04
5.599999999999999423e-01 1.000029999999999978e-04
5.799999999999999600e-01 1.000019999999999956e-04
6.000000000000000888e-01 1.000029999999999978e-04
6.200000000000001066e-01 1.000029999999999978e-04
6.400000000000001243e-01 1.000029999999999978e-04
6.600000000000000311e-01 1.000029999999999978e-04
