0.000000000000000000e+00 3.290000000000000118e-13
2.000000000000000042e-02 2.214900000000000024e-11
4.000000000000000083e-02 4.576499999999999654e-11
5.999999999999999778e-02 6.995399999999999697e-11
8.000000000000000167e-02 9.664899999999998854e-11
1.000000000000000056e-01 1.322800000000000075e-10
1.199999999999999956e-01 1.598180000000000058e-10
1.399999999999999856e-01 1.991180000000000149e-10
1.600000000000000311e-01 2.361289999999999815e-10
1.800000000000000211e-01 2.848330000000000131e-10
2.000000000000000111e-01 3.316470000000000129e-10
2.200000000000000289e-01 3.998279999999999866e-10
2.399999999999999911e-01 4.490800000000000147e-10
2.600000000000000089e-01 5.048759999999999841e-10
2.799999999999999711e-01 6.824889999999999786e-10
3.000000000000000444e-01 8.381240000000000311e-10
3.200000000000000622e-01 8.364240000000001300e-10
3.400000000000000244e-01 1.039720000000000004e-09
3.600000000000000422e-01 9.376160000000000841e-10
3.800000000000000044e-01 1.073199999999999975e-09
4.000000000000000222e-01 1.228120000000000098e-09
4.200000000000000400e-01 1.322959999999999948e-09
4.400000000000000577e-01 1.465330000000000150e-09
4.599999999999999645e-01 1.599390000000000202e-09
4.799999999999999822e-01 1.393400000000000023e-07
5.000000000000000000e-01 5.354399999999999294e-07
5.200000000000000178e-01 1.000029999999999978e-04
5.400000000000000355e-01 1.000019999999999956e-04
5.599999999999999423e-01 1.000019999999999956e-04
5.799999999999999600e-01 1.000029999999999978e-04
6.000000000000000888e-01 1.000029999999999978e-04
6.200000000000001066e-01 1.000029999999999978e-04
6.400000000000001243e-01 1.000029999999999978e-04
6.600000000000000311e-01 1.000029999999999978e-04
6.800000000000000488e-01 1.000019999999999956e-04
7.000000000000000666e-01 1.000019999999999956e-04
7.200000000000000844e-01 1.000029999999999978e-04
7.200000000000000844e-01 1.000019999999999956e-04
7.000000000000000666e-01 1.000019999999999956e-04
6.800000000000000488e-01 1.000019999999999956e-04
6.600000000000000311e-01 1.000029999999999978e-04
6.400000000000001243e-01 1.000029999999999978e-04
6.200000000000001066e-01 1.000029999999999978e-04
6.000000000000000888e-01 1.000029999999999978e-04
5.799999999999999600e-01 1.000029999999999978e-04
5.599999999999999423e-01 1.000029999999999978e-04
5.400000000000000355e-01 1.000029999999999978e-04
5.200000000000000178e-01 1.000029999999999978e-04
5.000000000000000000e-01 1.000029999999999978e-04
4.799999999999999822e-01 1.000019999999999956e-04
4.599999999999999645e-01 1.000019999999999956e-04
4.400000000000000577e-01 1.000040000000000136e-04
4.200000000000000400e-01 1.000029999999999978e-04
4.000000000000000222e-01 1.000029999999999978e-04
3.800000000000000044e-01 1.000029999999999978e-04
3.600000000000000422e-01 1.000019999999999956e-04
3.400000000000000244e-01 1.000019999999999956e-04
3.200000000000000622e-01 1.000019999999999956e-04
3.000000000000000444e-01 1.000029999999999978e-04
2.799999999999999711e-01 9.703800000000000164e-05
2.600000000000000089e-01 8.993300000000000783e-05
2.399999999999999911e-01 8.277200000000001321e-05
2.200000000000000289e-01 7.534000000000000712e-05
2.000000000000000111e-01 6.807800000000000787e-05
1.800000000000000211e-01 6.129200000000000880e-05
1.600000000000000311e-01 5.514400000000000600e-05
1.399999999999999856e-01 4.688400000000000038e-05
1.199999999999999956e-01 4.098000000000000405e-05
1.000000000000000056e-01 3.398500000000000072e-05
8.000000000000000167e-02 2.671600000000000306e-05
5.999999999999999778e-02 2.018200000000000430e-05
4.000000000000000083e-02 1.329700000000000161e-05
2.000000000000000042e-02 6.768500000000000502e-06
0.000000000000000000e+00 9.579000000000001270e-08
0.000000000000000000e+00 7.445700000000000293e-08
-2.000000000000000042e-02 -5.981319999999999511e-06
-4.000000000000000083e-02 -1.209200000000000213e-05
-5.999999999999999778e-02 -1.829500000000000017e-05
-8.000000000000000167e-02 -2.429900000000000232e-05
-1.000000000000000056e-01 -3.013500000000000201e-05
-1.199999999999999956e-01 -3.587500000000000465e-05
-1.399999999999999856e-01 -4.108700000000000150e-05
-1.600000000000000311e-01 -4.297000000000000364e-05
-1.800000000000000211e-01 -4.494700000000000182e-05
-2.000000000000000111e-01 -4.747899999999999723e-05
-2.200000000000000289e-01 -3.804600000000000809e-05
-2.399999999999999911e-01 -7.956299999999999584e-08
-2.600000000000000089e-01 -1.073129999999999995e-09
-2.799999999999999711e-01 -1.012890000000000211e-09
-3.000000000000000444e-01 -1.112040000000000019e-09
-3.200000000000000622e-01 -1.364980000000000181e-09
-3.400000000000000244e-01 -1.425490000000000006e-09
-3.600000000000000422e-01 -1.479370000000000238e-09
-3.600000000000000422e-01 -1.146950000000000056e-09
-3.400000000000000244e-01 -1.010019999999999993e-09
-3.200000000000000622e-01 -8.968870000000000690e-10
-3.000000000000000444e-01 -7.921770000000000242e-10
-2.799999999999999711e-01 -6.882399999999999932e-10
-2.600000000000000089e-01 -5.784650000000000285e-10
-2.399999999999999911e-01 -5.120449999999999621e-10
-2.200000000000000289e-01 -4.429200000000000070e-10
-2.000000000000000111e-01 -3.816100000000000398e-10
-1.800000000000000211e-01 -3.195539999999999803e-10
-1.600000000000000311e-01 -2.712540000000000024e-10
-1.399999999999999856e-01 -2.312080000000000044e-10
-1.199999999999999956e-01 -1.880110000000000138e-10
-1.000000000000000056e-01 -1.689410000000000218e-10
-8.000000000000000167e-02 -1.153699999999999981e-10
-5.999999999999999778e-02 -8.530499999999999649e-11
-4.000000000000000083e-02 -5.419299999999999577e-11
-2.000000000000000042e-02 -2.590699999999999775e-11
0.000000000000000000e+00 7.580000000000000013e-13
