0.000000000000000000e+00 1.350000000000000054e-13
2.000000000000000042e-02 2.051400000000000084e-11
4.000000000000000083e-02 4.161800000000000300e-11
5.999999999999999778e-02 6.452099999999999619e-11
8.000000000000000167e-02 8.801399999999998424e-11
1.000000000000000056e-01 1.149459999999999927e-10
1.199999999999999956e-01 1.450830000000000045e-10
1.399999999999999856e-01 1.790620000000000171e-10
1.600000000000000311e-01 2.159390000000000233e-10
1.800000000000000211e-01 2.578129999999999864e-10
2.000000000000000111e-01 3.036849999999999703e-10
2.200000000000000289e-01 3.558229999999999923e-10
2.399999999999999911e-01 4.123520000000000460e-10
2.600000000000000089e-01 4.749859999999999974e-10
2.799999999999999711e-01 5.463170000000000068e-10
3.000000000000000444e-01 6.234549999999999941e-10
3.200000000000000622e-01 7.073850000000000341e-10
3.400000000000000244e-01 7.996990000000000319e-10
3.600000000000000422e-01 9.018160000000000630e-10
3.800000000000000044e-01 1.011479999999999903e-09
4.000000000000000222e-01 1.132060000000000121e-09
4.200000000000000400e-01 1.261720000000000064e-09
4.400000000000000577e-01 1.405960000000000178e-09
4.599999999999999645e-01 1.575950000000000126e-09
4.799999999999999822e-01 3.121509999999999905e-09
5.000000000000000000e-01 5.399440000000000206e-08
5.200000000000000178e-01 1.418779999999999950e-06
5.400000000000000355e-01 2.806070000000000423e-09
5.599999999999999423e-01 2.585999999999999962e-09
5.799999999999999600e-01 4.527850000000000241e-09
6.000000000000000888e-01 1.000019999999999956e-04
6.200000000000001066e-01 5.975900000000000459e-07
6.400000000000001243e-01 1.000019999999999956e-04
6.600000000000000311e-01 1.000029999999999978e-04
6.800000000000000488e-01 1.000029999999999978e-04
7.000000000000000666e-01 1.000019999999999956e-04
7.200000000000000844e-01 1.000040000000000136e-04
7.400000000000001021e-01 1.000029999999999978e-04
7.600000000000000089e-01 1.000029999999999978e-04
7.800000000000000266e-01 1.000029999999999978e-04
8.000000000000000444e-01 1.000029999999999978e-04
8.199999999999999512e-01 1.000040000000000136e-04
8.400000000000000799e-01 1.000029999999999978e-04
8.599999999999999867e-01 1.000029999999999978e-04
8.800000000000001155e-01 1.000029999999999978e-04
9.000000000000000222e-01 1.000019999999999956e-04
