0.000000000000000000e+00 3.930000000000000420e-13
2.000000000000000042e-02 2.063699999999999618e-11
4.000000000000000083e-02 4.155700000000000316e-11
5.999999999999999778e-02 6.457399999999999849e-11
8.000000000000000167e-02 8.769199999999998783e-11
1.000000000000000056e-01 1.158539999999999884e-10
1.199999999999999956e-01 1.453040000000000134e-10
1.399999999999999856e-01 1.784100000000000074e-10
1.600000000000000311e-01 2.157669999999999953e-10
1.800000000000000211e-01 2.576060000000000201e-10
2.000000000000000111e-01 3.039180000000000045e-10
2.200000000000000289e-01 3.565430000000000167e-10
2.399999999999999911e-01 4.128199999999999765e-10
2.600000000000000089e-01 4.758270000000000775e-10
2.799999999999999711e-01 5.449609999999999548e-10
3.000000000000000444e-01 6.233170000000000510e-10
3.200000000000000622e-01 7.084240000000000550e-10
3.400000000000000244e-01 8.007170000000000795e-10
3.600000000000000422e-01 9.028269999999999471e-10
3.800000000000000044e-01 1.012920000000000055e-09
4.000000000000000222e-01 1.133280000000000040e-09
4.200000000000000400e-01 1.265080000000000144e-09
4.400000000000000577e-01 1.408520000000000012e-09
4.599999999999999645e-01 1.562320000000000040e-09
4.799999999999999822e-01 1.729740000000000067e-09
5.000000000000000000e-01 1.908449999999999960e-09
5.200000000000000178e-01 2.105540000000000155e-09
5.400000000000000355e-01 2.315630000000000202e-09
5.599999999999999423e-01 2.546009999999999979e-09
5.799999999999999600e-01 2.789569999999999912e-09
6.000000000000000888e-01 3.054450000000000345e-09
6.200000000000001066e-01 3.338220000000000493e-09
6.400000000000001243e-01 3.641709999999999825e-09
6.600000000000000311e-01 4.478150000000000299e-09
6.800000000000000488e-01 3.265800000000000034e-07
7.000000000000000666e-01 1.000029999999999978e-04
7.200000000000000844e-01 1.000019999999999956e-04
7.400000000000001021e-01 1.000029999999999978e-04
7.600000000000000089e-01 1.000029999999999978e-04
7.800000000000000266e-01 1.000029999999999978e-04
8.000000000000000444e-01 1.000040000000000136e-04
8.199999999999999512e-01 2.694559999999999744e-06
8.400000000000000799e-01 1.000029999999999978e-04
8.599999999999999867e-01 1.000010000000000070e-04
8.800000000000001155e-01 1.000019999999999956e-04
9.000000000000000222e-01 1.000029999999999978e-04
9.199999999999999289e-01 1.000029999999999978e-04
9.400000000000000577e-01 1.000029999999999978e-04
9.599999999999999645e-01 1.000040000000000136e-04
9.800000000000000933e-01 1.000029999999999978e-04
