0.000000000000000000e+00 3.359999999999999819e-13
2.000000000000000042e-02 2.114399999999999634e-11
4.000000000000000083e-02 4.132199999999999700e-11
5.999999999999999778e-02 6.397899999999999951e-11
8.000000000000000167e-02 8.842799999999999439e-11
1.000000000000000056e-01 1.153600000000000028e-10
1.199999999999999956e-01 1.455070000000000229e-10
1.399999999999999856e-01 1.784530000000000144e-10
1.600000000000000311e-01 2.147770000000000070e-10
1.800000000000000211e-01 2.564960000000000105e-10
2.000000000000000111e-01 3.044390000000000279e-10
2.200000000000000289e-01 3.559730000000000383e-10
2.399999999999999911e-01 4.124200000000000089e-10
2.600000000000000089e-01 4.750610000000000204e-10
2.799999999999999711e-01 5.460800000000000416e-10
3.000000000000000444e-01 6.221379999999999665e-10
3.200000000000000622e-01 7.080429999999999919e-10
3.400000000000000244e-01 7.995890000000000189e-10
3.600000000000000422e-01 9.025680000000000000e-10
3.800000000000000044e-01 1.012760000000000130e-09
4.000000000000000222e-01 1.133729999999999972e-09
4.200000000000000400e-01 1.263980000000000220e-09
4.400000000000000577e-01 1.407580000000000220e-09
4.599999999999999645e-01 1.562289999999999989e-09
4.799999999999999822e-01 1.728100000000000061e-09
5.000000000000000000e-01 2.067820000000000414e-09
5.200000000000000178e-01 2.269839999999999763e-08
5.400000000000000355e-01 7.854599999999998879e-07
5.599999999999999423e-01 3.052639999999999914e-09
5.799999999999999600e-01 1.608400000000000029e-07
6.000000000000000888e-01 9.009919999999998930e-08
6.200000000000001066e-01 1.000029999999999978e-04
6.400000000000001243e-01 1.000019999999999956e-04
6.600000000000000311e-01 1.000029999999999978e-04
6.800000000000000488e-01 1.000029999999999978e-04
7.000000000000000666e-01 1.000040000000000136e-04
7.200000000000000844e-01 1.000019999999999956e-04
7.400000000000001021e-01 1.000019999999999956e-04
7.600000000000000089e-01 1.000029999999999978e-04
