-5.400000000000000355e-01 -4.764830000000000388e-09
-5.200000000000000178e-01 -5.137800000000001014e-09
-5.000000000000000000e-01 -7.356500000000000394e-09
-4.799999999999999822e-01 -4.302609999999999476e-09
-4.599999999999999645e-01 -1.986660000000000251e-09
-4.400000000000000577e-01 -1.759080000000000092e-09
-4.200000000000000400e-01 -1.547870000000000157e-09
-4.000000000000000222e-01 -1.720690000000000186e-09
-3.800000000000000044e-01 -1.559140000000000057e-09
-3.600000000000000422e-01 -1.099600000000000008e-09
-3.400000000000000244e-01 -1.013140000000000081e-09
-3.200000000000000622e-01 -9.913500000000000973e-10
-3.000000000000000444e-01 -8.133490000000000830e-10
-2.799999999999999711e-01 -5.968580000000000290e-10
-2.600000000000000089e-01 -5.605400000000000103e-10
-2.399999999999999911e-01 -5.855680000000000607e-10
-2.200000000000000289e-01 -8.692500000000000744e-10
-2.000000000000000111e-01 -6.398480000000000015e-10
-1.800000000000000211e-01 -6.069169999999999836e-10
-1.600000000000000311e-01 -2.507740000000000379e-10
-1.399999999999999856e-01 -2.426350000000000105e-10
-1.199999999999999956e-01 -5.872850000000000042e-10
-1.000000000000000056e-01 -1.546570000000000120e-10
-8.000000000000000167e-02 -9.798699999999998950e-11
-5.999999999999999778e-02 -8.456699999999998570e-11
-4.000000000000000083e-02 -4.681899999999999750e-11
-2.000000000000000042e-02 -4.713599999999998979e-11
0.000000000000000000e+00 9.660000000000001248e-13
