0.000000000000000000e+00 3.750000000000000177e-13
2.000000000000000042e-02 2.113599999999999880e-11
4.000000000000000083e-02 4.236999999999999818e-11
5.999999999999999778e-02 6.455899999999999906e-11
8.000000000000000167e-02 8.910799999999999876e-11
1.000000000000000056e-01 1.255790000000000117e-10
1.199999999999999956e-01 1.493830000000000052e-10
1.399999999999999856e-01 1.829150000000000089e-10
1.600000000000000311e-01 2.166720000000000300e-10
1.800000000000000211e-01 2.592020000000000113e-10
2.000000000000000111e-01 3.096659999999999934e-10
2.200000000000000289e-01 3.948070000000000305e-10
2.399999999999999911e-01 4.913059999999999989e-10
2.600000000000000089e-01 5.518280000000000304e-10
2.799999999999999711e-01 6.476720000000000150e-10
3.000000000000000444e-01 6.543850000000000103e-10
3.200000000000000622e-01 7.118560000000000283e-10
3.400000000000000244e-01 8.004430000000000037e-10
3.600000000000000422e-01 9.038259999999999351e-10
3.800000000000000044e-01 1.013409999999999916e-09
4.000000000000000222e-01 1.134560000000000061e-09
4.200000000000000400e-01 1.264390000000000015e-09
4.400000000000000577e-01 1.408369999999999966e-09
4.599999999999999645e-01 1.245400000000000021e-07
4.799999999999999822e-01 1.089739999999999963e-06
5.000000000000000000e-01 3.542899999999999782e-07
5.200000000000000178e-01 1.609299999999999991e-07
5.400000000000000355e-01 1.000019999999999956e-04
5.599999999999999423e-01 1.000029999999999978e-04
5.799999999999999600e-01 1.000019999999999956e-04
6.000000000000000888e-01 1.000029999999999978e-04
6.200000000000001066e-01 1.000029999999999978e-04
6.400000000000001243e-01 1.000029999999999978e-04
6.600000000000000311e-01 1.000019999999999956e-04
6.600000000000000311e-01 1.000029999999999978e-04
6.400000000000001243e-01 1.000029999999999978e-04
6.200000000000001066e-01 1.000019999999999956e-04
6.000000000000000888e-01 1.000019999999999956e-04
5.799999999999999600e-01 1.000029999999999978e-04
5.599999999999999423e-01 1.000029999999999978e-04
5.400000000000000355e-01 1.000019999999999956e-04
5.200000000000000178e-01 1.000029999999999978e-04
5.000000000000000000e-01 1.000019999999999956e-04
4.799999999999999822e-01 1.000040000000000136e-04
4.599999999999999645e-01 1.000019999999999956e-04
4.400000000000000577e-01 1.000019999999999956e-04
4.200000000000000400e-01 1.000019999999999956e-04
4.000000000000000222e-01 1.000019999999999956e-04
3.800000000000000044e-01 1.000029999999999978e-04
3.600000000000000422e-01 1.000019999999999956e-04
3.400000000000000244e-01 1.000029999999999978e-04
3.200000000000000622e-01 1.000029999999999978e-04
3.000000000000000444e-01 1.000029999999999978e-04
2.799999999999999711e-01 1.000019999999999956e-04
2.600000000000000089e-01 1.000029999999999978e-04
2.399999999999999911e-01 1.000029999999999978e-04
2.200000000000000289e-01 1.000029999999999978e-04
2.000000000000000111e-01 1.000029999999999978e-04
1.800000000000000211e-01 1.000019999999999956e-04
1.600000000000000311e-01 1.000019999999999956e-04
1.399999999999999856e-01 1.000019999999999956e-04
1.199999999999999956e-01 1.000029999999999978e-04
1.000000000000000056e-01 1.000019999999999956e-04
8.000000000000000167e-02 1.000019999999999956e-04
5.999999999999999778e-02 1.000019999999999956e-04
4.000000000000000083e-02 9.093900000000000464e-05
2.000000000000000042e-02 4.576100000000000453e-05
0.000000000000000000e+00 2.946099999999999626e-07
0.000000000000000000e+00 2.305999999999999870e-07
-2.000000000000000042e-02 -4.440699999999999682e-05
-4.000000000000000083e-02 -8.934699999999999684e-05
-5.999999999999999778e-02 -1.343299999999999963e-04
-8.000000000000000167e-02 -1.780800000000000026e-04
-1.000000000000000056e-01 -2.222000000000000071e-04
-1.199999999999999956e-01 -2.770600000000000341e-04
-1.399999999999999856e-01 -3.525600000000000261e-04
-1.600000000000000311e-01 -3.833700000000000107e-04
-1.800000000000000211e-01 -3.228500000000000141e-04
-2.000000000000000111e-01 -2.282600000000000135e-04
-2.200000000000000289e-01 -7.151200000000000243e-05
-2.399999999999999911e-01 -3.432699999999999762e-07
-2.600000000000000089e-01 -1.761699999999999953e-07
-2.799999999999999711e-01 -4.123099999999999644e-07
-3.000000000000000444e-01 -7.638119999999999883e-10
-3.200000000000000622e-01 -7.472480000000000649e-10
-3.400000000000000244e-01 -8.530039999999999838e-10
-3.600000000000000422e-01 -9.351599999999999016e-10
-3.800000000000000044e-01 -1.052690000000000012e-09
-4.000000000000000222e-01 -1.180720000000000034e-09
-4.200000000000000400e-01 -1.324660000000000056e-09
-4.400000000000000577e-01 -1.478490000000000134e-09
-4.599999999999999645e-01 -1.644140000000000073e-09
-4.799999999999999822e-01 -1.825630000000000240e-09
-5.000000000000000000e-01 -2.023140000000000109e-09
-5.200000000000000178e-01 -2.238100000000000367e-09
-5.400000000000000355e-01 -2.472620000000000091e-09
-5.599999999999999423e-01 -2.723669999999999963e-09
-5.599999999999999423e-01 -2.714220000000000167e-09
-5.400000000000000355e-01 -2.468230000000000275e-09
-5.200000000000000178e-01 -2.237660000000000315e-09
-5.000000000000000000e-01 -2.026780000000000315e-09
-4.799999999999999822e-01 -1.831210000000000132e-09
-4.599999999999999645e-01 -1.649050000000000008e-09
-4.400000000000000577e-01 -1.481500000000000106e-09
-4.200000000000000400e-01 -1.327280000000000198e-09
-4.000000000000000222e-01 -1.186440000000000093e-09
-3.800000000000000044e-01 -1.056220000000000102e-09
-3.600000000000000422e-01 -9.379110000000000299e-10
-3.400000000000000244e-01 -8.316520000000001386e-10
-3.200000000000000622e-01 -7.317320000000000329e-10
-3.000000000000000444e-01 -6.428800000000000589e-10
-2.799999999999999711e-01 -5.623689999999999840e-10
-2.600000000000000089e-01 -4.892370000000000343e-10
-2.399999999999999911e-01 -4.225930000000000109e-10
-2.200000000000000289e-01 -3.626050000000000108e-10
-2.000000000000000111e-01 -3.096420000000000460e-10
-1.800000000000000211e-01 -2.612870000000000098e-10
-1.600000000000000311e-01 -2.186350000000000158e-10
-1.399999999999999856e-01 -1.809590000000000055e-10
-1.199999999999999956e-01 -1.466900000000000125e-10
-1.000000000000000056e-01 -1.154050000000000011e-10
-8.000000000000000167e-02 -8.827199999999998738e-11
-5.999999999999999778e-02 -6.429599999999999180e-11
-4.000000000000000083e-02 -4.129900000000000002e-11
-2.000000000000000042e-02 -2.032300000000000054e-11
0.000000000000000000e+00 4.150000000000000492e-13
