-5.599999999999999423e-01 -3.109770000000000522e-09
-5.400000000000000355e-01 -3.023580000000000016e-09
-5.200000000000000178e-01 -4.045510000000000436e-09
-5.000000000000000000e-01 -3.055980000000000029e-09
-4.799999999999999822e-01 -2.133970000000000232e-09
-4.599999999999999645e-01 -1.914010000000000094e-09
-4.400000000000000577e-01 -1.701920000000000261e-09
-4.200000000000000400e-01 -1.671960000000000087e-09
-4.000000000000000222e-01 -1.322689999999999906e-09
-3.800000000000000044e-01 -1.180720000000000034e-09
-3.600000000000000422e-01 -1.079260000000000262e-09
-3.400000000000000244e-01 -9.087880000000000054e-10
-3.200000000000000622e-01 -7.951690000000000486e-10
-3.000000000000000444e-01 -7.041630000000000012e-10
-2.799999999999999711e-01 -6.093000000000000570e-10
-2.600000000000000089e-01 -5.319520000000000259e-10
-2.399999999999999911e-01 -4.618359999999999963e-10
-2.200000000000000289e-01 -4.029169999999999643e-10
-2.000000000000000111e-01 -3.418570000000000221e-10
-1.800000000000000211e-01 -3.001820000000000083e-10
-1.600000000000000311e-01 -2.553469999999999765e-10
-1.399999999999999856e-01 -2.042970000000000081e-10
-1.199999999999999956e-01 -1.669180000000000123e-10
-1.000000000000000056e-01 -1.271079999999999968e-10
-8.000000000000000167e-02 -9.686099999999998481e-11
-5.999999999999999778e-02 -7.069499999999999472e-11
-4.000000000000000083e-02 -4.564899999999999663e-11
-2.000000000000000042e-02 -2.170999999999999534e-11
0.000000000000000000e+00 9.110000000000000562e-13
