0.000000000000000000e+00 6.580000000000000235e-13
2.000000000000000042e-02 2.236399999999999962e-11
4.000000000000000083e-02 4.539599999999999761e-11
5.999999999999999778e-02 6.992999999999999788e-11
8.000000000000000167e-02 9.588299999999999604e-11
1.000000000000000056e-01 1.241530000000000054e-10
1.199999999999999956e-01 1.583320000000000019e-10
1.399999999999999856e-01 1.929920000000000145e-10
1.600000000000000311e-01 2.325239999999999975e-10
1.800000000000000211e-01 2.760619999999999924e-10
2.000000000000000111e-01 3.248810000000000282e-10
2.200000000000000289e-01 3.733699999999999731e-10
2.399999999999999911e-01 4.419690000000000172e-10
2.600000000000000089e-01 5.060310000000000696e-10
2.799999999999999711e-01 5.755929999999999995e-10
3.000000000000000444e-01 6.638519999999999529e-10
3.200000000000000622e-01 7.458610000000000572e-10
3.400000000000000244e-01 8.523720000000001457e-10
3.600000000000000422e-01 9.209910000000001545e-10
3.800000000000000044e-01 1.039879999999999929e-09
4.000000000000000222e-01 1.163720000000000196e-09
4.200000000000000400e-01 1.281910000000000178e-09
4.400000000000000577e-01 2.077240000000000037e-06
4.599999999999999645e-01 2.454499999999999645e-07
4.799999999999999822e-01 3.987620000000000339e-08
5.000000000000000000e-01 1.000040000000000136e-04
5.200000000000000178e-01 1.000029999999999978e-04
5.400000000000000355e-01 1.000029999999999978e-04
5.599999999999999423e-01 1.000029999999999978e-04
5.799999999999999600e-01 1.000019999999999956e-04
6.000000000000000888e-01 1.000029999999999978e-04
6.200000000000001066e-01 1.000029999999999978e-04
6.400000000000001243e-01 1.000029999999999978e-04
6.600000000000000311e-01 1.000029999999999978e-04
6.600000000000000311e-01 1.000029999999999978e-04
6.400000000000001243e-01 1.000029999999999978e-04
6.200000000000001066e-01 1.000019999999999956e-04
6.000000000000000888e-01 1.000019999999999956e-04
5.799999999999999600e-01 1.000029999999999978e-04
5.599999999999999423e-01 1.000019999999999956e-04
5.400000000000000355e-01 1.000019999999999956e-04
5.200000000000000178e-01 1.000019999999999956e-04
5.000000000000000000e-01 1.000019999999999956e-04
4.799999999999999822e-01 1.000019999999999956e-04
4.599999999999999645e-01 1.000029999999999978e-04
4.400000000000000577e-01 1.000040000000000136e-04
4.200000000000000400e-01 1.000019999999999956e-04
4.000000000000000222e-01 1.000029999999999978e-04
3.800000000000000044e-01 1.000029999999999978e-04
3.600000000000000422e-01 1.000019999999999956e-04
3.400000000000000244e-01 1.000029999999999978e-04
3.200000000000000622e-01 1.000029999999999978e-04
3.000000000000000444e-01 1.000019999999999956e-04
2.799999999999999711e-01 1.000019999999999956e-04
2.600000000000000089e-01 1.000019999999999956e-04
2.399999999999999911e-01 1.000029999999999978e-04
2.200000000000000289e-01 1.000029999999999978e-04
2.000000000000000111e-01 1.000029999999999978e-04
1.800000000000000211e-01 1.000019999999999956e-04
1.600000000000000311e-01 1.000019999999999956e-04
1.399999999999999856e-01 1.000029999999999978e-04
1.199999999999999956e-01 1.000029999999999978e-04
1.000000000000000056e-01 1.000019999999999956e-04
8.000000000000000167e-02 9.166499999999999735e-05
5.999999999999999778e-02 6.540300000000001061e-05
4.000000000000000083e-02 4.360300000000000249e-05
2.000000000000000042e-02 2.145000000000000300e-05
0.000000000000000000e+00 2.496000000000000116e-07
0.000000000000000000e+00 1.659699999999999966e-07
-2.000000000000000042e-02 -1.991300000000000399e-05
-4.000000000000000083e-02 -3.998600000000000646e-05
-5.999999999999999778e-02 -5.964100000000000716e-05
-8.000000000000000167e-02 -8.059200000000001714e-05
-1.000000000000000056e-01 -9.985900000000002088e-05
-1.199999999999999956e-01 -1.263000000000000071e-04
-1.399999999999999856e-01 -2.045500000000000118e-04
-1.600000000000000311e-01 -2.294600000000000155e-04
-1.800000000000000211e-01 -2.269800000000000257e-04
-2.000000000000000111e-01 -2.202200000000000023e-04
-2.200000000000000289e-01 -1.906700000000000159e-04
-2.399999999999999911e-01 -1.480199999999999980e-07
-2.600000000000000089e-01 -4.276799999999999955e-09
-2.799999999999999711e-01 -5.333389999999999922e-09
-3.000000000000000444e-01 -4.575120000000000637e-09
-3.200000000000000622e-01 -8.581310000000000221e-10
-3.400000000000000244e-01 -9.429610000000001313e-10
-3.600000000000000422e-01 -9.755589999999999809e-10
-3.800000000000000044e-01 -1.078769999999999988e-09
-4.000000000000000222e-01 -1.206060000000000072e-09
-4.200000000000000400e-01 -1.351860000000000127e-09
-4.400000000000000577e-01 -1.499560000000000145e-09
-4.599999999999999645e-01 -1.702920000000000154e-09
-4.799999999999999822e-01 -1.976960000000000171e-09
-5.000000000000000000e-01 -2.021060000000000050e-09
-5.200000000000000178e-01 -2.233620000000000399e-09
-5.400000000000000355e-01 -2.466530000000000167e-09
-5.599999999999999423e-01 -2.718919999999999954e-09
-5.599999999999999423e-01 -2.707250000000000138e-09
-5.400000000000000355e-01 -2.462740000000000121e-09
-5.200000000000000178e-01 -2.232720000000000123e-09
-5.000000000000000000e-01 -2.022159999999999974e-09
-4.799999999999999822e-01 -1.825080000000000071e-09
-4.599999999999999645e-01 -1.642970000000000169e-09
-4.400000000000000577e-01 -1.477190000000000148e-09
-4.200000000000000400e-01 -1.325310000000000048e-09
-4.000000000000000222e-01 -1.182510000000000087e-09
-3.800000000000000044e-01 -1.053610000000000046e-09
-3.600000000000000422e-01 -9.364820000000000754e-10
-3.400000000000000244e-01 -8.284390000000000795e-10
-3.200000000000000622e-01 -7.300720000000000613e-10
-3.000000000000000444e-01 -6.405280000000000447e-10
-2.799999999999999711e-01 -5.602400000000000216e-10
-2.600000000000000089e-01 -4.866159999999999872e-10
-2.399999999999999911e-01 -4.213580000000000663e-10
-2.200000000000000289e-01 -3.620600000000000401e-10
-2.000000000000000111e-01 -3.089800000000000022e-10
-1.800000000000000211e-01 -2.606399999999999912e-10
-1.600000000000000311e-01 -2.177849999999999877e-10
-1.399999999999999856e-01 -1.808940000000000166e-10
-1.199999999999999956e-01 -1.456269999999999925e-10
-1.000000000000000056e-01 -1.156369999999999880e-10
-8.000000000000000167e-02 -8.826399999999999630e-11
-5.999999999999999778e-02 -6.432299999999999077e-11
-4.000000000000000083e-02 -4.140699999999999593e-11
-2.000000000000000042e-02 -1.954699999999999981e-11
0.000000000000000000e+00 5.089999999999999516e-13
