0.000000000000000000e+00 3.760000000000000134e-13
2.000000000000000042e-02 2.044299999999999599e-11
4.000000000000000083e-02 4.184700000000000294e-11
5.999999999999999778e-02 6.416499999999999246e-11
8.000000000000000167e-02 8.861399999999998733e-11
1.000000000000000056e-01 1.157140000000000152e-10
1.199999999999999956e-01 1.460200000000000034e-10
1.399999999999999856e-01 1.784100000000000074e-10
1.600000000000000311e-01 2.156470000000000257e-10
1.800000000000000211e-01 2.568909999999999869e-10
2.000000000000000111e-01 3.047959999999999885e-10
2.200000000000000289e-01 3.564490000000000375e-10
2.399999999999999911e-01 4.128940000000000426e-10
2.600000000000000089e-01 4.759859999999999939e-10
2.799999999999999711e-01 5.462989999999999557e-10
3.000000000000000444e-01 6.223650000000000527e-10
3.200000000000000622e-01 7.078240000000000778e-10
3.400000000000000244e-01 8.011970000000000613e-10
3.600000000000000422e-01 9.024010000000001184e-10
3.800000000000000044e-01 1.012270000000000062e-09
4.000000000000000222e-01 1.133110000000000030e-09
4.200000000000000400e-01 1.264529999999999975e-09
4.400000000000000577e-01 1.407050000000000016e-09
4.599999999999999645e-01 1.562210000000000130e-09
4.799999999999999822e-01 1.732510000000000048e-09
5.000000000000000000e-01 2.915230000000000158e-08
5.200000000000000178e-01 4.376299999999999291e-07
5.400000000000000355e-01 1.000019999999999956e-04
5.599999999999999423e-01 1.000019999999999956e-04
5.799999999999999600e-01 1.000029999999999978e-04
6.000000000000000888e-01 1.000019999999999956e-04
6.200000000000001066e-01 1.000029999999999978e-04
6.400000000000001243e-01 1.000019999999999956e-04
6.600000000000000311e-01 1.000029999999999978e-04
6.800000000000000488e-01 1.000029999999999978e-04
7.000000000000000666e-01 1.000019999999999956e-04
7.200000000000000844e-01 1.000019999999999956e-04
7.200000000000000844e-01 5.098189999999999742e-09
7.000000000000000666e-01 4.696799999999999745e-09
6.800000000000000488e-01 1.000019999999999956e-04
6.600000000000000311e-01 1.000019999999999956e-04
6.400000000000001243e-01 1.000029999999999978e-04
6.200000000000001066e-01 1.000019999999999956e-04
6.000000000000000888e-01 1.000019999999999956e-04
5.799999999999999600e-01 1.000019999999999956e-04
5.599999999999999423e-01 1.000019999999999956e-04
5.400000000000000355e-01 1.000040000000000136e-04
5.200000000000000178e-01 1.000029999999999978e-04
5.000000000000000000e-01 1.000029999999999978e-04
4.799999999999999822e-01 1.000029999999999978e-04
4.599999999999999645e-01 1.000029999999999978e-04
4.400000000000000577e-01 1.000029999999999978e-04
4.200000000000000400e-01 1.000019999999999956e-04
4.000000000000000222e-01 1.000029999999999978e-04
3.800000000000000044e-01 1.000019999999999956e-04
3.600000000000000422e-01 1.000019999999999956e-04
3.400000000000000244e-01 1.000029999999999978e-04
3.200000000000000622e-01 1.000029999999999978e-04
3.000000000000000444e-01 1.000029999999999978e-04
2.799999999999999711e-01 1.000019999999999956e-04
2.600000000000000089e-01 1.000029999999999978e-04
2.399999999999999911e-01 1.000019999999999956e-04
2.200000000000000289e-01 1.000029999999999978e-04
2.000000000000000111e-01 1.000029999999999978e-04
1.800000000000000211e-01 1.000019999999999956e-04
1.600000000000000311e-01 1.000029999999999978e-04
1.399999999999999856e-01 1.000029999999999978e-04
1.199999999999999956e-01 1.000029999999999978e-04
1.000000000000000056e-01 1.000029999999999978e-04
8.000000000000000167e-02 1.000029999999999978e-04
5.999999999999999778e-02 1.000019999999999956e-04
4.000000000000000083e-02 8.221900000000000681e-05
2.000000000000000042e-02 4.166900000000000372e-05
0.000000000000000000e+00 3.078299999999999712e-07
0.000000000000000000e+00 2.267799999999999700e-07
-2.000000000000000042e-02 -4.008200000000000689e-05
-4.000000000000000083e-02 -8.015900000000000282e-05
-5.999999999999999778e-02 -1.200499999999999907e-04
-8.000000000000000167e-02 -1.592500000000000220e-04
-1.000000000000000056e-01 -2.012600000000000077e-04
-1.199999999999999956e-01 -2.411500000000000340e-04
-1.399999999999999856e-01 -2.771500000000000417e-04
-1.600000000000000311e-01 -2.960900000000000467e-04
-1.800000000000000211e-01 -2.838200000000000033e-04
-2.000000000000000111e-01 -2.324700000000000019e-04
-2.200000000000000289e-01 -2.279300000000000217e-04
-2.399999999999999911e-01 -1.010500000000000032e-04
-2.600000000000000089e-01 -5.588199999999999792e-05
-2.799999999999999711e-01 -1.375000000000000049e-05
-3.000000000000000444e-01 -5.108799999999999398e-08
-3.200000000000000622e-01 -2.995080000000000373e-08
-3.400000000000000244e-01 -2.913700000000000144e-08
-3.600000000000000422e-01 -5.509640000000000425e-09
-3.800000000000000044e-01 -3.504649999999999887e-09
-4.000000000000000222e-01 -3.245210000000000212e-09
-4.200000000000000400e-01 -4.164960000000000060e-09
-4.400000000000000577e-01 -3.370170000000000161e-09
-4.599999999999999645e-01 -3.824650000000000436e-09
-4.799999999999999822e-01 -4.176529999999999845e-09
-5.000000000000000000e-01 -3.117239999999999877e-09
-5.200000000000000178e-01 -2.527859999999999995e-09
-5.400000000000000355e-01 -2.890750000000000176e-09
-5.599999999999999423e-01 -3.313770000000000231e-09
-5.799999999999999600e-01 -3.255780000000000517e-09
-6.000000000000000888e-01 -4.099710000000000518e-09
-6.200000000000001066e-01 -5.231700000000000452e-09
-6.400000000000001243e-01 -2.630499999999999964e-08
-6.400000000000001243e-01 -4.214790000000000083e-09
-6.200000000000001066e-01 -3.802720000000000285e-09
-6.000000000000000888e-01 -3.294050000000000221e-09
-5.799999999999999600e-01 -3.004200000000000028e-09
-5.599999999999999423e-01 -2.744880000000000555e-09
-5.400000000000000355e-01 -2.502370000000000324e-09
-5.200000000000000178e-01 -2.245270000000000044e-09
-5.000000000000000000e-01 -2.030409999999999816e-09
-4.799999999999999822e-01 -1.833050000000000200e-09
-4.599999999999999645e-01 -1.650320000000000149e-09
-4.400000000000000577e-01 -1.484970000000000095e-09
-4.200000000000000400e-01 -1.330049999999999972e-09
-4.000000000000000222e-01 -1.187020000000000105e-09
-3.800000000000000044e-01 -1.057790000000000128e-09
-3.600000000000000422e-01 -9.404140000000000987e-10
-3.400000000000000244e-01 -8.312989999999999021e-10
-3.200000000000000622e-01 -7.337580000000000422e-10
-3.000000000000000444e-01 -6.438970000000000979e-10
-2.799999999999999711e-01 -5.628759999999999906e-10
-2.600000000000000089e-01 -4.883149999999999831e-10
-2.399999999999999911e-01 -4.233270000000000003e-10
-2.200000000000000289e-01 -3.623320000000000470e-10
-2.000000000000000111e-01 -3.091130000000000057e-10
-1.800000000000000211e-01 -2.617669999999999916e-10
-1.600000000000000311e-01 -2.189439999999999783e-10
-1.399999999999999856e-01 -1.803279999999999950e-10
-1.199999999999999956e-01 -1.467460000000000018e-10
-1.000000000000000056e-01 -1.162720000000000070e-10
-8.000000000000000167e-02 -8.866599999999999398e-11
-5.999999999999999778e-02 -6.382699999999998804e-11
-4.000000000000000083e-02 -4.087399999999999244e-11
-2.000000000000000042e-02 -2.000100000000000091e-11
0.000000000000000000e+00 4.710000000000000125e-13
