-5.799999999999999600e-01 -2.976960000000000440e-09
-5.599999999999999423e-01 -2.713589999999999932e-09
-5.400000000000000355e-01 -2.466140000000000337e-09
-5.200000000000000178e-01 -2.236760000000000039e-09
-5.000000000000000000e-01 -2.023699999999999950e-09
-4.799999999999999822e-01 -1.826160000000000030e-09
-4.599999999999999645e-01 -1.646760000000000008e-09
-4.400000000000000577e-01 -1.478870000000000085e-09
-4.200000000000000400e-01 -1.324220000000000004e-09
-4.000000000000000222e-01 -1.183510000000000186e-09
-3.800000000000000044e-01 -1.055069999999999956e-09
-3.600000000000000422e-01 -9.372669999999998820e-10
-3.400000000000000244e-01 -8.283860000000001418e-10
-3.200000000000000622e-01 -7.314550000000000348e-10
-3.000000000000000444e-01 -6.425799999999999668e-10
-2.799999999999999711e-01 -5.608570000000000413e-10
-2.600000000000000089e-01 -4.875940000000000018e-10
-2.399999999999999911e-01 -4.211839999999999695e-10
-2.200000000000000289e-01 -3.627200000000000151e-10
-2.000000000000000111e-01 -3.090470000000000082e-10
-1.800000000000000211e-01 -2.605239999999999784e-10
-1.600000000000000311e-01 -2.191840000000000209e-10
-1.399999999999999856e-01 -1.795640000000000067e-10
-1.199999999999999956e-01 -1.460270000000000118e-10
-1.000000000000000056e-01 -1.162349999999999998e-10
-8.000000000000000167e-02 -8.844299999999999382e-11
-5.999999999999999778e-02 -6.304800000000000035e-11
-4.000000000000000083e-02 -4.094599999999999617e-11
-2.000000000000000042e-02 -2.006800000000000052e-11
0.000000000000000000e+00 4.140000000000000030e-13
