0.000000000000000000e+00 1.950000000000000021e-13
2.000000000000000042e-02 2.079099999999999895e-11
4.000000000000000083e-02 4.140100000000000262e-11
5.999999999999999778e-02 6.487300000000000438e-11
8.000000000000000167e-02 8.777799999999998888e-11
1.000000000000000056e-01 1.155370000000000090e-10
1.199999999999999956e-01 1.459349999999999980e-10
1.399999999999999856e-01 1.790929999999999987e-10
1.600000000000000311e-01 2.159760000000000046e-10
1.800000000000000211e-01 2.575189999999999976e-10
2.000000000000000111e-01 3.044109999999999945e-10
2.200000000000000289e-01 3.556049999999999833e-10
2.399999999999999911e-01 4.130980000000000349e-10
2.600000000000000089e-01 4.765920000000000226e-10
2.799999999999999711e-01 5.472299999999999807e-10
3.000000000000000444e-01 6.229479999999999875e-10
3.200000000000000622e-01 7.089170000000000450e-10
3.400000000000000244e-01 8.005270000000000005e-10
3.600000000000000422e-01 9.031810000000000888e-10
3.800000000000000044e-01 1.014700000000000022e-09
4.000000000000000222e-01 1.134379999999999964e-09
4.200000000000000400e-01 1.265179999999999968e-09
4.400000000000000577e-01 1.407460000000000018e-09
4.599999999999999645e-01 1.563140000000000043e-09
4.799999999999999822e-01 1.730340000000000045e-09
5.000000000000000000e-01 1.939650000000000018e-09
5.200000000000000178e-01 1.000019999999999956e-04
5.400000000000000355e-01 1.000029999999999978e-04
5.599999999999999423e-01 1.000029999999999978e-04
5.799999999999999600e-01 1.000019999999999956e-04
6.000000000000000888e-01 1.000029999999999978e-04
6.200000000000001066e-01 1.000019999999999956e-04
6.400000000000001243e-01 1.000029999999999978e-04
6.600000000000000311e-01 1.000029999999999978e-04
6.800000000000000488e-01 1.000019999999999956e-04
7.000000000000000666e-01 2.808999999999999808e-07
7.200000000000000844e-01 1.193739999999999941e-06
7.400000000000001021e-01 1.000019999999999956e-04
7.600000000000000089e-01 1.000029999999999978e-04
7.800000000000000266e-01 1.000029999999999978e-04
