-5.599999999999999423e-01 -2.707250000000000138e-09
-5.400000000000000355e-01 -2.462740000000000121e-09
-5.200000000000000178e-01 -2.232720000000000123e-09
-5.000000000000000000e-01 -2.022159999999999974e-09
-4.799999999999999822e-01 -1.825080000000000071e-09
-4.599999999999999645e-01 -1.642970000000000169e-09
-4.400000000000000577e-01 -1.477190000000000148e-09
-4.200000000000000400e-01 -1.325310000000000048e-09
-4.000000000000000222e-01 -1.182510000000000087e-09
-3.800000000000000044e-01 -1.053610000000000046e-09
-3.600000000000000422e-01 -9.364820000000000754e-10
-3.400000000000000244e-01 -8.284390000000000795e-10
-3.200000000000000622e-01 -7.300720000000000613e-10
-3.000000000000000444e-01 -6.405280000000000447e-10
-2.799999999999999711e-01 -5.602400000000000216e-10
-2.600000000000000089e-01 -4.866159999999999872e-10
-2.399999999999999911e-01 -4.213580000000000663e-10
-2.200000000000000289e-01 -3.620600000000000401e-10
-2.000000000000000111e-01 -3.089800000000000022e-10
-1.800000000000000211e-01 -2.606399999999999912e-10
-1.600000000000000311e-01 -2.177849999999999877e-10
-1.399999999999999856e-01 -1.808940000000000166e-10
-1.199999999999999956e-01 -1.456269999999999925e-10
-1.000000000000000056e-01 -1.156369999999999880e-10
-8.000000000000000167e-02 -8.826399999999999630e-11
-5.999999999999999778e-02 -6.432299999999999077e-11
-4.000000000000000083e-02 -4.140699999999999593e-11
-2.000000000000000042e-02 -1.954699999999999981e-11
0.000000000000000000e+00 5.089999999999999516e-13
