0.000000000000000000e+00 -2.970000000000000471e-13
2.000000000000000042e-02 2.051400000000000084e-11
4.000000000000000083e-02 4.252399999999999450e-11
5.999999999999999778e-02 6.449399999999999721e-11
8.000000000000000167e-02 8.859899999999998790e-11
1.000000000000000056e-01 1.165170000000000020e-10
1.199999999999999956e-01 1.466639999999999963e-10
1.399999999999999856e-01 1.791400000000000142e-10
1.600000000000000311e-01 2.165080000000000189e-10
1.800000000000000211e-01 2.573259999999999963e-10
2.000000000000000111e-01 3.043300000000000234e-10
2.200000000000000289e-01 3.554730000000000400e-10
2.399999999999999911e-01 4.135420000000000181e-10
2.600000000000000089e-01 4.770909999999999606e-10
2.799999999999999711e-01 5.476969999999999544e-10
3.000000000000000444e-01 6.223870000000000346e-10
3.200000000000000622e-01 7.076219999999999993e-10
3.400000000000000244e-01 8.003010000000000263e-10
3.600000000000000422e-01 9.016679999999999308e-10
3.800000000000000044e-01 1.012839999999999989e-09
4.000000000000000222e-01 1.131310000000000098e-09
4.200000000000000400e-01 1.263370000000000157e-09
4.400000000000000577e-01 1.407800000000000040e-09
4.599999999999999645e-01 1.560650000000000189e-09
4.799999999999999822e-01 1.000029999999999978e-04
5.000000000000000000e-01 1.000029999999999978e-04
5.200000000000000178e-01 1.000019999999999956e-04
5.400000000000000355e-01 1.000029999999999978e-04
5.599999999999999423e-01 1.000019999999999956e-04
5.799999999999999600e-01 1.000029999999999978e-04
6.000000000000000888e-01 1.000019999999999956e-04
6.200000000000001066e-01 1.000029999999999978e-04
6.400000000000001243e-01 1.000029999999999978e-04
6.600000000000000311e-01 1.000029999999999978e-04
6.800000000000000488e-01 1.000019999999999956e-04
7.000000000000000666e-01 1.000019999999999956e-04
7.200000000000000844e-01 1.000029999999999978e-04
7.400000000000001021e-01 1.000019999999999956e-04
7.600000000000000089e-01 1.000029999999999978e-04
