-3.800000000000000044e-01 -1.179340000000000190e-09
-3.600000000000000422e-01 -1.102389999999999954e-09
-3.400000000000000244e-01 -1.807910000000000016e-09
-3.200000000000000622e-01 -1.279740000000000174e-09
-3.000000000000000444e-01 -2.735510000000000121e-08
-2.799999999999999711e-01 -2.560500000000000197e-07
-2.600000000000000089e-01 -6.964680000000000397e-08
-2.399999999999999911e-01 -1.049700000000000062e-07
-2.200000000000000289e-01 -1.019059999999999994e-07
-2.000000000000000111e-01 -1.390800000000000135e-05
-1.800000000000000211e-01 -1.580900000000000060e-05
-1.600000000000000311e-01 -1.592300000000000323e-05
-1.399999999999999856e-01 -1.193000000000000097e-05
-1.199999999999999956e-01 -1.323700000000000218e-05
-1.000000000000000056e-01 -1.051800000000000162e-05
-8.000000000000000167e-02 -6.851899999999999568e-06
-5.999999999999999778e-02 -4.920639999999999360e-06
-4.000000000000000083e-02 -3.416559999999999777e-06
-2.000000000000000042e-02 -1.611220000000000051e-06
0.000000000000000000e+00 2.674249999999999942e-08
