0.000000000000000000e+00 6.099999999999999251e-14
2.000000000000000042e-02 2.004100000000000154e-11
4.000000000000000083e-02 4.133799999999999854e-11
5.999999999999999778e-02 6.275999999999999834e-11
8.000000000000000167e-02 8.715699999999999950e-11
1.000000000000000056e-01 1.131259999999999927e-10
1.199999999999999956e-01 1.432580000000000134e-10
1.399999999999999856e-01 1.757900000000000206e-10
1.600000000000000311e-01 2.124870000000000077e-10
1.800000000000000211e-01 2.529530000000000156e-10
2.000000000000000111e-01 2.989650000000000114e-10
2.200000000000000289e-01 3.496620000000000277e-10
2.399999999999999911e-01 4.051830000000000162e-10
2.600000000000000089e-01 4.689050000000000470e-10
2.799999999999999711e-01 5.376040000000000183e-10
3.000000000000000444e-01 6.126100000000000176e-10
3.200000000000000622e-01 6.957410000000000276e-10
3.400000000000000244e-01 7.872590000000000211e-10
3.600000000000000422e-01 8.893620000000000355e-10
3.800000000000000044e-01 9.975400000000000522e-10
4.000000000000000222e-01 1.117890000000000159e-09
4.200000000000000400e-01 1.245679999999999983e-09
4.400000000000000577e-01 1.387880000000000175e-09
4.599999999999999645e-01 1.539560000000000213e-09
4.799999999999999822e-01 1.706140000000000066e-09
5.000000000000000000e-01 1.882620000000000267e-09
5.200000000000000178e-01 2.077420000000000050e-09
5.400000000000000355e-01 2.287070000000000044e-09
5.599999999999999423e-01 2.511180000000000007e-09
5.799999999999999600e-01 2.752920000000000043e-09
6.000000000000000888e-01 3.017120000000000020e-09
6.200000000000001066e-01 3.297840000000000267e-09
6.400000000000001243e-01 3.598180000000000493e-09
6.600000000000000311e-01 3.920469999999999801e-09
6.800000000000000488e-01 4.271219999999999650e-09
7.000000000000000666e-01 4.640740000000000665e-09
7.200000000000000844e-01 5.040600000000000978e-09
7.400000000000001021e-01 5.469860000000000383e-09
7.600000000000000089e-01 5.924050000000000858e-09
7.800000000000000266e-01 6.416780000000000665e-09
8.000000000000000444e-01 6.930320000000000114e-09
8.199999999999999512e-01 7.484790000000001406e-09
8.400000000000000799e-01 8.077479999999999284e-09
8.599999999999999867e-01 8.709350000000001156e-09
8.800000000000001155e-01 9.377290000000001643e-09
9.000000000000000222e-01 1.008580000000000088e-08
9.199999999999999289e-01 1.084152999999999947e-08
9.400000000000000577e-01 1.162940000000000122e-08
9.599999999999999645e-01 1.247900000000000044e-08
9.800000000000000933e-01 1.338120000000000007e-08
1.000000000000000000e+00 1.433840000000000086e-08
1.020000000000000018e+00 1.535319999999999947e-08
1.040000000000000036e+00 1.641310000000000157e-08
1.060000000000000053e+00 1.754199999999999919e-08
1.080000000000000071e+00 1.874630000000000091e-08
1.100000000000000089e+00 2.001590000000000323e-08
1.120000000000000107e+00 2.134679999999999829e-08
1.139999999999999902e+00 3.553430000000000208e-08
1.159999999999999920e+00 2.436990000000000370e-08
1.179999999999999938e+00 3.144450000000000076e-08
1.199999999999999956e+00 3.112969999999999849e-08
1.219999999999999973e+00 1.969199999999999925e-07
1.239999999999999991e+00 1.273799999999999932e-07
1.260000000000000009e+00 9.316310000000000392e-08
1.280000000000000027e+00 2.884199999999999846e-07
1.300000000000000044e+00 4.458199999999999515e-07
1.320000000000000062e+00 5.202799999999999975e-07
1.340000000000000080e+00 3.921300000000000047e-07
1.360000000000000098e+00 8.109199999999999583e-07
1.379999999999999893e+00 1.684599999999999931e-06
1.399999999999999911e+00 1.551959999999999876e-06
1.419999999999999929e+00 1.441579999999999969e-06
1.439999999999999947e+00 8.275999999999999462e-08
1.459999999999999964e+00 7.645279999999999225e-08
1.479999999999999982e+00 9.765090000000001317e-08
1.500000000000000000e+00 1.125499999999999854e-07
1.520000000000000018e+00 4.391899999999999510e-07
1.540000000000000036e+00 6.173799999999999869e-07
1.560000000000000053e+00 1.773200000000000023e-07
1.580000000000000071e+00 1.980399999999999919e-07
1.600000000000000089e+00 1.000029999999999978e-04
1.620000000000000107e+00 1.000040000000000136e-04
1.639999999999999902e+00 1.000029999999999978e-04
1.659999999999999920e+00 1.000029999999999978e-04
1.679999999999999938e+00 1.000029999999999978e-04
1.699999999999999956e+00 1.000029999999999978e-04
1.719999999999999973e+00 1.000010000000000070e-04
1.739999999999999991e+00 1.000029999999999978e-04
1.760000000000000009e+00 1.000029999999999978e-04
