-3.600000000000000422e-01 -1.146950000000000056e-09
-3.400000000000000244e-01 -1.010019999999999993e-09
-3.200000000000000622e-01 -8.968870000000000690e-10
-3.000000000000000444e-01 -7.921770000000000242e-10
-2.799999999999999711e-01 -6.882399999999999932e-10
-2.600000000000000089e-01 -5.784650000000000285e-10
-2.399999999999999911e-01 -5.120449999999999621e-10
-2.200000000000000289e-01 -4.429200000000000070e-10
-2.000000000000000111e-01 -3.816100000000000398e-10
-1.800000000000000211e-01 -3.195539999999999803e-10
-1.600000000000000311e-01 -2.712540000000000024e-10
-1.399999999999999856e-01 -2.312080000000000044e-10
-1.199999999999999956e-01 -1.880110000000000138e-10
-1.000000000000000056e-01 -1.689410000000000218e-10
-8.000000000000000167e-02 -1.153699999999999981e-10
-5.999999999999999778e-02 -8.530499999999999649e-11
-4.000000000000000083e-02 -5.419299999999999577e-11
-2.000000000000000042e-02 -2.590699999999999775e-11
0.000000000000000000e+00 7.580000000000000013e-13
