0.000000000000000000e+00 1.950000000000000021e-13
2.000000000000000042e-02 2.079099999999999895e-11
4.000000000000000083e-02 4.140100000000000262e-11
5.999999999999999778e-02 6.487300000000000438e-11
8.000000000000000167e-02 8.777799999999998888e-11
1.000000000000000056e-01 1.155370000000000090e-10
1.199999999999999956e-01 1.459349999999999980e-10
1.399999999999999856e-01 1.790929999999999987e-10
1.600000000000000311e-01 2.159760000000000046e-10
1.800000000000000211e-01 2.575189999999999976e-10
2.000000000000000111e-01 3.044109999999999945e-10
2.200000000000000289e-01 3.556049999999999833e-10
2.399999999999999911e-01 4.130980000000000349e-10
2.600000000000000089e-01 4.765920000000000226e-10
2.799999999999999711e-01 5.472299999999999807e-10
3.000000000000000444e-01 6.229479999999999875e-10
3.200000000000000622e-01 7.089170000000000450e-10
3.400000000000000244e-01 8.005270000000000005e-10
3.600000000000000422e-01 9.031810000000000888e-10
3.800000000000000044e-01 1.014700000000000022e-09
4.000000000000000222e-01 1.134379999999999964e-09
4.200000000000000400e-01 1.265179999999999968e-09
4.400000000000000577e-01 1.407460000000000018e-09
4.599999999999999645e-01 1.563140000000000043e-09
4.799999999999999822e-01 1.730340000000000045e-09
5.000000000000000000e-01 1.939650000000000018e-09
5.200000000000000178e-01 1.000019999999999956e-04
5.400000000000000355e-01 1.000029999999999978e-04
5.599999999999999423e-01 1.000029999999999978e-04
5.799999999999999600e-01 1.000019999999999956e-04
6.000000000000000888e-01 1.000029999999999978e-04
6.200000000000001066e-01 1.000019999999999956e-04
6.400000000000001243e-01 1.000029999999999978e-04
6.600000000000000311e-01 1.000029999999999978e-04
6.800000000000000488e-01 1.000019999999999956e-04
7.000000000000000666e-01 2.808999999999999808e-07
7.200000000000000844e-01 1.193739999999999941e-06
7.400000000000001021e-01 1.000019999999999956e-04
7.600000000000000089e-01 1.000029999999999978e-04
7.800000000000000266e-01 1.000029999999999978e-04
7.800000000000000266e-01 1.379999999999999916e-07
7.600000000000000089e-01 1.440299999999999735e-07
7.400000000000001021e-01 1.000029999999999978e-04
7.200000000000000844e-01 1.000019999999999956e-04
7.000000000000000666e-01 5.681299999999999925e-07
6.800000000000000488e-01 8.353300000000000558e-07
6.600000000000000311e-01 1.000019999999999956e-04
6.400000000000001243e-01 1.000029999999999978e-04
6.200000000000001066e-01 2.730999999999999772e-07
6.000000000000000888e-01 1.000019999999999956e-04
5.799999999999999600e-01 7.150499999999999343e-07
5.599999999999999423e-01 1.000019999999999956e-04
5.400000000000000355e-01 1.000029999999999978e-04
5.200000000000000178e-01 1.000029999999999978e-04
5.000000000000000000e-01 1.000019999999999956e-04
4.799999999999999822e-01 1.000029999999999978e-04
4.599999999999999645e-01 1.000040000000000136e-04
4.400000000000000577e-01 1.000019999999999956e-04
4.200000000000000400e-01 1.000019999999999956e-04
4.000000000000000222e-01 1.000019999999999956e-04
3.800000000000000044e-01 1.000029999999999978e-04
3.600000000000000422e-01 1.000029999999999978e-04
3.400000000000000244e-01 1.000019999999999956e-04
3.200000000000000622e-01 1.000029999999999978e-04
3.000000000000000444e-01 1.000010000000000070e-04
2.799999999999999711e-01 1.000040000000000136e-04
2.600000000000000089e-01 1.000019999999999956e-04
2.399999999999999911e-01 1.000029999999999978e-04
2.200000000000000289e-01 1.000029999999999978e-04
2.000000000000000111e-01 1.000029999999999978e-04
1.800000000000000211e-01 9.619400000000000769e-05
1.600000000000000311e-01 8.232699999999999968e-05
1.399999999999999856e-01 6.896600000000000343e-05
1.199999999999999956e-01 5.886000000000000905e-05
1.000000000000000056e-01 4.749100000000000999e-05
8.000000000000000167e-02 3.813400000000000454e-05
5.999999999999999778e-02 2.822600000000000385e-05
4.000000000000000083e-02 1.802500000000000106e-05
2.000000000000000042e-02 8.796900000000000428e-06
0.000000000000000000e+00 1.223599999999999919e-07
0.000000000000000000e+00 4.356099999999999547e-08
-2.000000000000000042e-02 -3.680499999999999744e-06
-4.000000000000000083e-02 -7.350399999999999115e-06
-5.999999999999999778e-02 -1.101469999999999976e-05
-8.000000000000000167e-02 -1.456000000000000120e-05
-1.000000000000000056e-01 -1.804500000000000087e-05
-1.199999999999999956e-01 -2.138000000000000198e-05
-1.399999999999999856e-01 -2.462000000000000484e-05
-1.600000000000000311e-01 -2.817400000000000503e-05
-1.800000000000000211e-01 -3.213800000000000299e-05
-2.000000000000000111e-01 -3.526100000000000003e-05
-2.200000000000000289e-01 -3.633000000000000622e-05
-2.399999999999999911e-01 -9.619600000000000985e-09
-2.600000000000000089e-01 -4.859000000000000488e-10
-2.799999999999999711e-01 -5.597500000000000575e-10
-3.000000000000000444e-01 -6.392980000000000396e-10
-3.200000000000000622e-01 -7.283060000000000077e-10
-3.400000000000000244e-01 -8.266759999999999482e-10
-3.600000000000000422e-01 -9.354670000000001570e-10
-3.800000000000000044e-01 -1.052990000000000104e-09
-4.000000000000000222e-01 -1.181150000000000000e-09
-4.200000000000000400e-01 -1.324340000000000206e-09
-4.400000000000000577e-01 -1.476969999999999915e-09
-4.599999999999999645e-01 -1.644480000000000095e-09
-4.799999999999999822e-01 -1.825280000000000132e-09
-5.000000000000000000e-01 -2.024090000000000193e-09
-5.000000000000000000e-01 -2.015880000000000281e-09
-4.799999999999999822e-01 -1.823640000000000126e-09
-4.599999999999999645e-01 -1.641530000000000017e-09
-4.400000000000000577e-01 -1.476490000000000140e-09
-4.200000000000000400e-01 -1.324840000000000152e-09
-4.000000000000000222e-01 -1.184390000000000084e-09
-3.800000000000000044e-01 -1.054090000000000027e-09
-3.600000000000000422e-01 -9.359339999999999239e-10
-3.400000000000000244e-01 -8.291580000000000436e-10
-3.200000000000000622e-01 -7.309230000000000205e-10
-3.000000000000000444e-01 -6.416750000000000615e-10
-2.799999999999999711e-01 -5.615160000000000077e-10
-2.600000000000000089e-01 -4.889429999999999937e-10
-2.399999999999999911e-01 -4.214419999999999598e-10
-2.200000000000000289e-01 -3.620169999999999814e-10
-2.000000000000000111e-01 -3.092979999999999901e-10
-1.800000000000000211e-01 -2.613690000000000411e-10
-1.600000000000000311e-01 -2.179620000000000069e-10
-1.399999999999999856e-01 -1.802910000000000136e-10
-1.199999999999999956e-01 -1.466720000000000132e-10
-1.000000000000000056e-01 -1.163580000000000081e-10
-8.000000000000000167e-02 -8.792199999999998342e-11
-5.999999999999999778e-02 -6.342599999999999894e-11
-4.000000000000000083e-02 -4.181099999999999784e-11
-2.000000000000000042e-02 -1.992799999999999829e-11
0.000000000000000000e+00 6.100000000000000261e-13
