0.000000000000000000e+00 5.490000000000000841e-13
2.000000000000000042e-02 2.083799999999999825e-11
4.000000000000000083e-02 4.148900000000000143e-11
5.999999999999999778e-02 6.486299999999999615e-11
8.000000000000000167e-02 8.883800000000000900e-11
1.000000000000000056e-01 1.159680000000000099e-10
1.199999999999999956e-01 1.458590000000000182e-10
1.399999999999999856e-01 1.795179999999999998e-10
1.600000000000000311e-01 2.163809999999999893e-10
1.800000000000000211e-01 2.579029999999999830e-10
2.000000000000000111e-01 3.042839999999999907e-10
2.200000000000000289e-01 3.563850000000000054e-10
2.399999999999999911e-01 4.129059999999999905e-10
2.600000000000000089e-01 4.764400000000000629e-10
2.799999999999999711e-01 5.471750000000000259e-10
3.000000000000000444e-01 6.234730000000000451e-10
3.200000000000000622e-01 7.083780000000000740e-10
3.400000000000000244e-01 8.064759999999999559e-10
3.600000000000000422e-01 1.528640000000000007e-09
3.800000000000000044e-01 1.099259999999999986e-09
4.000000000000000222e-01 1.134039999999999943e-09
4.200000000000000400e-01 1.268150000000000217e-09
4.400000000000000577e-01 1.408390000000000138e-09
4.599999999999999645e-01 1.213799999999999924e-07
4.799999999999999822e-01 1.000029999999999978e-04
5.000000000000000000e-01 1.000019999999999956e-04
5.200000000000000178e-01 1.000029999999999978e-04
5.400000000000000355e-01 1.000019999999999956e-04
5.599999999999999423e-01 1.000019999999999956e-04
5.799999999999999600e-01 1.000019999999999956e-04
6.000000000000000888e-01 1.000019999999999956e-04
6.200000000000001066e-01 1.000019999999999956e-04
