-5.200000000000000178e-01 -2.229260000000000220e-09
-5.000000000000000000e-01 -2.019510000000000195e-09
-4.799999999999999822e-01 -1.823530000000000216e-09
-4.599999999999999645e-01 -1.642380000000000071e-09
-4.400000000000000577e-01 -1.477590000000000064e-09
-4.200000000000000400e-01 -1.324430000000000151e-09
-4.000000000000000222e-01 -1.182690000000000183e-09
-3.800000000000000044e-01 -1.053920000000000017e-09
-3.600000000000000422e-01 -9.375970000000000246e-10
-3.400000000000000244e-01 -8.288379999999999868e-10
-3.200000000000000622e-01 -7.312059999999999666e-10
-3.000000000000000444e-01 -6.418800000000000623e-10
-2.799999999999999711e-01 -5.612370000000000958e-10
-2.600000000000000089e-01 -4.878339999999999927e-10
-2.399999999999999911e-01 -4.219710000000000000e-10
-2.200000000000000289e-01 -3.622010000000000089e-10
-2.000000000000000111e-01 -3.087210000000000034e-10
-1.800000000000000211e-01 -2.607920000000000027e-10
-1.600000000000000311e-01 -2.187990000000000268e-10
-1.399999999999999856e-01 -1.798459999999999960e-10
-1.199999999999999956e-01 -1.465979999999999988e-10
-1.000000000000000056e-01 -1.159289999999999985e-10
-8.000000000000000167e-02 -8.832299999999999837e-11
-5.999999999999999778e-02 -6.377199999999999443e-11
-4.000000000000000083e-02 -4.149799999999999463e-11
-2.000000000000000042e-02 -2.020199999999999975e-11
0.000000000000000000e+00 5.410000000000000172e-13
