-9.199999999999999289e-01 -1.273960000000000014e-08
-9.000000000000000222e-01 -1.160379999999999999e-08
-8.800000000000001155e-01 -1.102409999999999877e-08
-8.599999999999999867e-01 -9.935700000000000752e-09
-8.400000000000000799e-01 -9.187720000000001025e-09
-8.199999999999999512e-01 -8.485419999999999428e-09
-8.000000000000000444e-01 -7.857110000000000798e-09
-7.800000000000000266e-01 -7.245470000000000623e-09
-7.600000000000000089e-01 -6.709760000000000619e-09
-7.400000000000001021e-01 -6.202720000000000269e-09
-7.200000000000000844e-01 -5.689420000000000398e-09
-7.000000000000000666e-01 -5.207279999999999827e-09
-6.800000000000000488e-01 -4.780080000000000310e-09
-6.600000000000000311e-01 -4.396120000000000325e-09
-6.400000000000001243e-01 -4.018260000000000143e-09
-6.200000000000001066e-01 -3.672100000000000172e-09
-6.000000000000000888e-01 -3.353810000000000436e-09
-5.799999999999999600e-01 -3.055099999999999924e-09
-5.599999999999999423e-01 -2.779650000000000426e-09
-5.400000000000000355e-01 -2.528150000000000208e-09
-5.200000000000000178e-01 -2.395350000000000419e-09
-5.000000000000000000e-01 -2.175680000000000080e-09
-4.799999999999999822e-01 -1.877850000000000086e-09
-4.599999999999999645e-01 -1.706220000000000132e-09
-4.400000000000000577e-01 -1.552280000000000144e-09
-4.200000000000000400e-01 -1.356900000000000143e-09
-4.000000000000000222e-01 -1.215050000000000059e-09
-3.800000000000000044e-01 -1.089550000000000027e-09
-3.600000000000000422e-01 -9.900600000000001979e-10
-3.400000000000000244e-01 -8.546400000000000597e-10
-3.200000000000000622e-01 -7.581270000000000229e-10
-3.000000000000000444e-01 -6.679080000000000059e-10
-2.799999999999999711e-01 -5.862800000000000682e-10
-2.600000000000000089e-01 -5.114110000000000034e-10
-2.399999999999999911e-01 -4.411720000000000043e-10
-2.200000000000000289e-01 -3.859640000000000126e-10
-2.000000000000000111e-01 -3.253730000000000095e-10
-1.800000000000000211e-01 -2.781380000000000170e-10
-1.600000000000000311e-01 -2.367170000000000109e-10
-1.399999999999999856e-01 -1.936369999999999901e-10
-1.199999999999999956e-01 -1.591820000000000041e-10
-1.000000000000000056e-01 -1.262510000000000120e-10
-8.000000000000000167e-02 -9.632099999999999236e-11
-5.999999999999999778e-02 -7.058600000000000316e-11
-4.000000000000000083e-02 -4.459800000000000202e-11
-2.000000000000000042e-02 -2.114199999999999857e-11
0.000000000000000000e+00 2.299999999999999666e-14
