0.000000000000000000e+00 3.750000000000000177e-13
2.000000000000000042e-02 2.113599999999999880e-11
4.000000000000000083e-02 4.236999999999999818e-11
5.999999999999999778e-02 6.455899999999999906e-11
8.000000000000000167e-02 8.910799999999999876e-11
1.000000000000000056e-01 1.255790000000000117e-10
1.199999999999999956e-01 1.493830000000000052e-10
1.399999999999999856e-01 1.829150000000000089e-10
1.600000000000000311e-01 2.166720000000000300e-10
1.800000000000000211e-01 2.592020000000000113e-10
2.000000000000000111e-01 3.096659999999999934e-10
2.200000000000000289e-01 3.948070000000000305e-10
2.399999999999999911e-01 4.913059999999999989e-10
2.600000000000000089e-01 5.518280000000000304e-10
2.799999999999999711e-01 6.476720000000000150e-10
3.000000000000000444e-01 6.543850000000000103e-10
3.200000000000000622e-01 7.118560000000000283e-10
3.400000000000000244e-01 8.004430000000000037e-10
3.600000000000000422e-01 9.038259999999999351e-10
3.800000000000000044e-01 1.013409999999999916e-09
4.000000000000000222e-01 1.134560000000000061e-09
4.200000000000000400e-01 1.264390000000000015e-09
4.400000000000000577e-01 1.408369999999999966e-09
4.599999999999999645e-01 1.245400000000000021e-07
4.799999999999999822e-01 1.089739999999999963e-06
5.000000000000000000e-01 3.542899999999999782e-07
5.200000000000000178e-01 1.609299999999999991e-07
5.400000000000000355e-01 1.000019999999999956e-04
5.599999999999999423e-01 1.000029999999999978e-04
5.799999999999999600e-01 1.000019999999999956e-04
6.000000000000000888e-01 1.000029999999999978e-04
6.200000000000001066e-01 1.000029999999999978e-04
6.400000000000001243e-01 1.000029999999999978e-04
6.600000000000000311e-01 1.000019999999999956e-04
