-8.199999999999999512e-01 -7.098930000000000424e-08
-8.000000000000000444e-01 -6.893169999999999513e-08
-7.800000000000000266e-01 -1.961990000000000087e-08
-7.600000000000000089e-01 -2.030120000000000182e-08
-7.400000000000001021e-01 -4.742120000000000247e-08
-7.200000000000000844e-01 -3.079470000000000244e-08
-7.000000000000000666e-01 -2.062260000000000362e-08
-6.800000000000000488e-01 -2.020709999999999901e-08
-6.600000000000000311e-01 -2.386499999999999896e-08
-6.400000000000001243e-01 -1.868549999999999881e-08
-6.200000000000001066e-01 -1.308750000000000056e-08
-6.000000000000000888e-01 -1.063560000000000161e-08
-5.799999999999999600e-01 -1.029400000000000106e-08
-5.599999999999999423e-01 -7.375240000000000269e-09
-5.400000000000000355e-01 -9.002200000000001029e-09
-5.200000000000000178e-01 -9.419449999999999355e-09
-5.000000000000000000e-01 -6.185840000000000220e-09
-4.799999999999999822e-01 -5.602410000000000302e-09
-4.599999999999999645e-01 -3.951610000000000171e-09
-4.400000000000000577e-01 -3.686670000000000050e-09
-4.200000000000000400e-01 -2.500090000000000204e-09
-4.000000000000000222e-01 -2.169700000000000479e-09
-3.800000000000000044e-01 -2.013790000000000343e-09
-3.600000000000000422e-01 -1.383780000000000158e-09
-3.400000000000000244e-01 -1.141740000000000030e-09
-3.200000000000000622e-01 -1.026030000000000023e-09
-3.000000000000000444e-01 -8.093019999999999005e-10
-2.799999999999999711e-01 -6.873900000000000427e-10
-2.600000000000000089e-01 -5.780109999999999595e-10
-2.399999999999999911e-01 -4.940050000000000948e-10
-2.200000000000000289e-01 -4.283339999999999914e-10
-2.000000000000000111e-01 -3.419520000000000099e-10
-1.800000000000000211e-01 -2.891000000000000150e-10
-1.600000000000000311e-01 -2.386309999999999900e-10
-1.399999999999999856e-01 -1.905489999999999952e-10
-1.199999999999999956e-01 -1.661250000000000079e-10
-1.000000000000000056e-01 -1.294860000000000014e-10
-8.000000000000000167e-02 -1.045020000000000053e-10
-5.999999999999999778e-02 -6.900400000000000284e-11
-4.000000000000000083e-02 -4.348399999999999687e-11
-2.000000000000000042e-02 -2.115099999999999823e-11
0.000000000000000000e+00 8.900000000000000447e-13
