0.000000000000000000e+00 -2.810000000000000143e-13
2.000000000000000042e-02 2.509799999999999504e-11
4.000000000000000083e-02 5.217299999999999266e-11
5.999999999999999778e-02 8.145699999999999592e-11
8.000000000000000167e-02 1.215550000000000006e-10
1.000000000000000056e-01 1.558619999999999835e-10
1.199999999999999956e-01 2.075030000000000071e-10
1.399999999999999856e-01 2.244650000000000102e-10
1.600000000000000311e-01 2.930530000000000116e-10
1.800000000000000211e-01 3.394870000000000086e-10
2.000000000000000111e-01 5.576710000000000070e-10
2.200000000000000289e-01 1.048319999999999953e-09
2.399999999999999911e-01 7.596160000000000784e-10
2.600000000000000089e-01 2.025729999999999787e-09
2.799999999999999711e-01 2.787960000000000369e-09
3.000000000000000444e-01 3.293370000000000178e-09
3.200000000000000622e-01 2.766410000000000169e-09
3.400000000000000244e-01 7.208330000000000894e-09
3.600000000000000422e-01 1.298870000000000003e-08
3.800000000000000044e-01 1.128299999999999985e-07
4.000000000000000222e-01 2.368819999999999794e-06
4.200000000000000400e-01 1.000029999999999978e-04
4.400000000000000577e-01 1.000019999999999956e-04
4.599999999999999645e-01 1.000040000000000136e-04
4.799999999999999822e-01 1.000029999999999978e-04
5.000000000000000000e-01 1.000040000000000136e-04
5.200000000000000178e-01 1.000029999999999978e-04
5.400000000000000355e-01 1.000029999999999978e-04
5.599999999999999423e-01 1.000019999999999956e-04
5.799999999999999600e-01 1.000010000000000070e-04
6.000000000000000888e-01 1.000019999999999956e-04
6.200000000000001066e-01 1.000029999999999978e-04
