0.000000000000000000e+00 5.490000000000000841e-13
2.000000000000000042e-02 2.083799999999999825e-11
4.000000000000000083e-02 4.148900000000000143e-11
5.999999999999999778e-02 6.486299999999999615e-11
8.000000000000000167e-02 8.883800000000000900e-11
1.000000000000000056e-01 1.159680000000000099e-10
1.199999999999999956e-01 1.458590000000000182e-10
1.399999999999999856e-01 1.795179999999999998e-10
1.600000000000000311e-01 2.163809999999999893e-10
1.800000000000000211e-01 2.579029999999999830e-10
2.000000000000000111e-01 3.042839999999999907e-10
2.200000000000000289e-01 3.563850000000000054e-10
2.399999999999999911e-01 4.129059999999999905e-10
2.600000000000000089e-01 4.764400000000000629e-10
2.799999999999999711e-01 5.471750000000000259e-10
3.000000000000000444e-01 6.234730000000000451e-10
3.200000000000000622e-01 7.083780000000000740e-10
3.400000000000000244e-01 8.064759999999999559e-10
3.600000000000000422e-01 1.528640000000000007e-09
3.800000000000000044e-01 1.099259999999999986e-09
4.000000000000000222e-01 1.134039999999999943e-09
4.200000000000000400e-01 1.268150000000000217e-09
4.400000000000000577e-01 1.408390000000000138e-09
4.599999999999999645e-01 1.213799999999999924e-07
4.799999999999999822e-01 1.000029999999999978e-04
5.000000000000000000e-01 1.000019999999999956e-04
5.200000000000000178e-01 1.000029999999999978e-04
5.400000000000000355e-01 1.000019999999999956e-04
5.599999999999999423e-01 1.000019999999999956e-04
5.799999999999999600e-01 1.000019999999999956e-04
6.000000000000000888e-01 1.000019999999999956e-04
6.200000000000001066e-01 1.000019999999999956e-04
6.200000000000001066e-01 1.000019999999999956e-04
6.000000000000000888e-01 1.000029999999999978e-04
5.799999999999999600e-01 1.000029999999999978e-04
5.599999999999999423e-01 1.000029999999999978e-04
5.400000000000000355e-01 1.000019999999999956e-04
5.200000000000000178e-01 1.000019999999999956e-04
5.000000000000000000e-01 1.000019999999999956e-04
4.799999999999999822e-01 1.000019999999999956e-04
4.599999999999999645e-01 1.000019999999999956e-04
4.400000000000000577e-01 1.000019999999999956e-04
4.200000000000000400e-01 1.000010000000000070e-04
4.000000000000000222e-01 1.000019999999999956e-04
3.800000000000000044e-01 1.000029999999999978e-04
3.600000000000000422e-01 1.000019999999999956e-04
3.400000000000000244e-01 1.000040000000000136e-04
3.200000000000000622e-01 1.000019999999999956e-04
3.000000000000000444e-01 1.000019999999999956e-04
2.799999999999999711e-01 1.000029999999999978e-04
2.600000000000000089e-01 1.000019999999999956e-04
2.399999999999999911e-01 1.000029999999999978e-04
2.200000000000000289e-01 1.000029999999999978e-04
2.000000000000000111e-01 1.000029999999999978e-04
1.800000000000000211e-01 1.000019999999999956e-04
1.600000000000000311e-01 1.000029999999999978e-04
1.399999999999999856e-01 1.000040000000000136e-04
1.199999999999999956e-01 1.000029999999999978e-04
1.000000000000000056e-01 1.000029999999999978e-04
8.000000000000000167e-02 9.030100000000000160e-05
5.999999999999999778e-02 6.752900000000001024e-05
4.000000000000000083e-02 4.432100000000000476e-05
2.000000000000000042e-02 2.270600000000000249e-05
0.000000000000000000e+00 2.327299999999999935e-07
0.000000000000000000e+00 1.785199999999999865e-07
-2.000000000000000042e-02 -1.884600000000000218e-05
-4.000000000000000083e-02 -3.823600000000000458e-05
-5.999999999999999778e-02 -5.987400000000000307e-05
-8.000000000000000167e-02 -8.000600000000000615e-05
-1.000000000000000056e-01 -9.877200000000000910e-05
-1.199999999999999956e-01 -1.149500000000000023e-04
-1.399999999999999856e-01 -1.741100000000000254e-04
-1.600000000000000311e-01 -2.865300000000000095e-04
-1.800000000000000211e-01 -3.063000000000000184e-04
-2.000000000000000111e-01 -2.136800000000000006e-04
-2.200000000000000289e-01 -1.528099999999999955e-04
-2.399999999999999911e-01 -7.883800000000000649e-05
-2.600000000000000089e-01 -1.665200000000000252e-05
-2.799999999999999711e-01 -5.906910000000000316e-08
-3.000000000000000444e-01 -2.617700000000000173e-09
-3.200000000000000622e-01 -1.771700000000000241e-08
-3.400000000000000244e-01 -9.154400000000000565e-09
-3.600000000000000422e-01 -1.199490000000000042e-08
-3.800000000000000044e-01 -6.453710000000000454e-09
-4.000000000000000222e-01 -5.604720000000000473e-09
-4.200000000000000400e-01 -6.648710000000000711e-09
-4.400000000000000577e-01 -4.460079999999999761e-09
-4.599999999999999645e-01 -4.532830000000000362e-09
-4.799999999999999822e-01 -6.816200000000000512e-09
-5.000000000000000000e-01 -1.453699999999999974e-08
-5.200000000000000178e-01 -2.056220000000000330e-08
-5.400000000000000355e-01 -1.716029999999999915e-08
-5.400000000000000355e-01 -4.764830000000000388e-09
-5.200000000000000178e-01 -5.137800000000001014e-09
-5.000000000000000000e-01 -7.356500000000000394e-09
-4.799999999999999822e-01 -4.302609999999999476e-09
-4.599999999999999645e-01 -1.986660000000000251e-09
-4.400000000000000577e-01 -1.759080000000000092e-09
-4.200000000000000400e-01 -1.547870000000000157e-09
-4.000000000000000222e-01 -1.720690000000000186e-09
-3.800000000000000044e-01 -1.559140000000000057e-09
-3.600000000000000422e-01 -1.099600000000000008e-09
-3.400000000000000244e-01 -1.013140000000000081e-09
-3.200000000000000622e-01 -9.913500000000000973e-10
-3.000000000000000444e-01 -8.133490000000000830e-10
-2.799999999999999711e-01 -5.968580000000000290e-10
-2.600000000000000089e-01 -5.605400000000000103e-10
-2.399999999999999911e-01 -5.855680000000000607e-10
-2.200000000000000289e-01 -8.692500000000000744e-10
-2.000000000000000111e-01 -6.398480000000000015e-10
-1.800000000000000211e-01 -6.069169999999999836e-10
-1.600000000000000311e-01 -2.507740000000000379e-10
-1.399999999999999856e-01 -2.426350000000000105e-10
-1.199999999999999956e-01 -5.872850000000000042e-10
-1.000000000000000056e-01 -1.546570000000000120e-10
-8.000000000000000167e-02 -9.798699999999998950e-11
-5.999999999999999778e-02 -8.456699999999998570e-11
-4.000000000000000083e-02 -4.681899999999999750e-11
-2.000000000000000042e-02 -4.713599999999998979e-11
0.000000000000000000e+00 9.660000000000001248e-13
