0.000000000000000000e+00 -2.810000000000000143e-13
2.000000000000000042e-02 2.509799999999999504e-11
4.000000000000000083e-02 5.217299999999999266e-11
5.999999999999999778e-02 8.145699999999999592e-11
8.000000000000000167e-02 1.215550000000000006e-10
1.000000000000000056e-01 1.558619999999999835e-10
1.199999999999999956e-01 2.075030000000000071e-10
1.399999999999999856e-01 2.244650000000000102e-10
1.600000000000000311e-01 2.930530000000000116e-10
1.800000000000000211e-01 3.394870000000000086e-10
2.000000000000000111e-01 5.576710000000000070e-10
2.200000000000000289e-01 1.048319999999999953e-09
2.399999999999999911e-01 7.596160000000000784e-10
2.600000000000000089e-01 2.025729999999999787e-09
2.799999999999999711e-01 2.787960000000000369e-09
3.000000000000000444e-01 3.293370000000000178e-09
3.200000000000000622e-01 2.766410000000000169e-09
3.400000000000000244e-01 7.208330000000000894e-09
3.600000000000000422e-01 1.298870000000000003e-08
3.800000000000000044e-01 1.128299999999999985e-07
4.000000000000000222e-01 2.368819999999999794e-06
4.200000000000000400e-01 1.000029999999999978e-04
4.400000000000000577e-01 1.000019999999999956e-04
4.599999999999999645e-01 1.000040000000000136e-04
4.799999999999999822e-01 1.000029999999999978e-04
5.000000000000000000e-01 1.000040000000000136e-04
5.200000000000000178e-01 1.000029999999999978e-04
5.400000000000000355e-01 1.000029999999999978e-04
5.599999999999999423e-01 1.000019999999999956e-04
5.799999999999999600e-01 1.000010000000000070e-04
6.000000000000000888e-01 1.000019999999999956e-04
6.200000000000001066e-01 1.000029999999999978e-04
6.200000000000001066e-01 1.000010000000000070e-04
6.000000000000000888e-01 1.000019999999999956e-04
5.799999999999999600e-01 1.000029999999999978e-04
5.599999999999999423e-01 1.000019999999999956e-04
5.400000000000000355e-01 1.000019999999999956e-04
5.200000000000000178e-01 1.000029999999999978e-04
5.000000000000000000e-01 1.000019999999999956e-04
4.799999999999999822e-01 1.000019999999999956e-04
4.599999999999999645e-01 1.000019999999999956e-04
4.400000000000000577e-01 1.000019999999999956e-04
4.200000000000000400e-01 1.000029999999999978e-04
4.000000000000000222e-01 1.000040000000000136e-04
3.800000000000000044e-01 1.000019999999999956e-04
3.600000000000000422e-01 1.000029999999999978e-04
3.400000000000000244e-01 1.000029999999999978e-04
3.200000000000000622e-01 1.000019999999999956e-04
3.000000000000000444e-01 1.000029999999999978e-04
2.799999999999999711e-01 1.000019999999999956e-04
2.600000000000000089e-01 1.000019999999999956e-04
2.399999999999999911e-01 1.000029999999999978e-04
2.200000000000000289e-01 1.000029999999999978e-04
2.000000000000000111e-01 1.000029999999999978e-04
1.800000000000000211e-01 1.000019999999999956e-04
1.600000000000000311e-01 1.000029999999999978e-04
1.399999999999999856e-01 1.000029999999999978e-04
1.199999999999999956e-01 1.000019999999999956e-04
1.000000000000000056e-01 9.782000000000000872e-05
8.000000000000000167e-02 7.777700000000001106e-05
5.999999999999999778e-02 5.774899999999999885e-05
4.000000000000000083e-02 3.862000000000000632e-05
2.000000000000000042e-02 1.940900000000000340e-05
0.000000000000000000e+00 2.248800000000000126e-07
0.000000000000000000e+00 1.733100000000000080e-07
-2.000000000000000042e-02 -1.696500000000000105e-05
-4.000000000000000083e-02 -3.435400000000000346e-05
-5.999999999999999778e-02 -5.165800000000000583e-05
-8.000000000000000167e-02 -6.875399999999999936e-05
-1.000000000000000056e-01 -8.598700000000000191e-05
-1.199999999999999956e-01 -1.031490000000000114e-04
-1.399999999999999856e-01 -1.492499999999999957e-04
-1.600000000000000311e-01 -2.123400000000000168e-04
-1.800000000000000211e-01 -5.048700000000000366e-04
-2.000000000000000111e-01 -7.264899999999999917e-04
-2.200000000000000289e-01 -5.474300000000001170e-04
-2.399999999999999911e-01 -3.257099999999999969e-04
-2.600000000000000089e-01 -4.353509999999999786e-08
-2.799999999999999711e-01 -8.948100000000000357e-10
-3.000000000000000444e-01 -1.156790000000000097e-09
-3.200000000000000622e-01 -7.987710000000000327e-10
-3.400000000000000244e-01 -8.577240000000000461e-10
-3.600000000000000422e-01 -9.346009999999999658e-10
-3.800000000000000044e-01 -1.053390000000000020e-09
-4.000000000000000222e-01 -1.181110000000000277e-09
-4.200000000000000400e-01 -1.326390000000000007e-09
-4.400000000000000577e-01 -1.477010000000000052e-09
-4.599999999999999645e-01 -1.646750000000000129e-09
-4.799999999999999822e-01 -1.829210000000000138e-09
-5.000000000000000000e-01 -2.043650000000000072e-09
-5.200000000000000178e-01 -2.245250000000000286e-09
-5.000000000000000000e-01 -2.017549999999999924e-09
-4.799999999999999822e-01 -1.824160000000000037e-09
-4.599999999999999645e-01 -1.644360000000000099e-09
-4.400000000000000577e-01 -1.477880000000000277e-09
-4.200000000000000400e-01 -1.325960000000000041e-09
-4.000000000000000222e-01 -1.185100000000000178e-09
-3.800000000000000044e-01 -1.055770000000000171e-09
-3.600000000000000422e-01 -9.368620000000000266e-10
-3.400000000000000244e-01 -8.290520000000000649e-10
-3.200000000000000622e-01 -7.321650000000000251e-10
-3.000000000000000444e-01 -6.419990000000000492e-10
-2.799999999999999711e-01 -5.611999999999999852e-10
-2.600000000000000089e-01 -4.878459999999999923e-10
-2.399999999999999911e-01 -4.222190000000000595e-10
-2.200000000000000289e-01 -3.630119999999999868e-10
-2.000000000000000111e-01 -3.097280000000000083e-10
-1.800000000000000211e-01 -2.613789999999999718e-10
-1.600000000000000311e-01 -2.183620000000000003e-10
-1.399999999999999856e-01 -1.799460000000000009e-10
-1.199999999999999956e-01 -1.465819999999999907e-10
-1.000000000000000056e-01 -1.160830000000000013e-10
-8.000000000000000167e-02 -8.821199999999998965e-11
-5.999999999999999778e-02 -6.454900000000000374e-11
-4.000000000000000083e-02 -4.154099999999999515e-11
-2.000000000000000042e-02 -2.010800000000000116e-11
0.000000000000000000e+00 4.480000000000000601e-13
