-6.400000000000001243e-01 -4.214790000000000083e-09
-6.200000000000001066e-01 -3.802720000000000285e-09
-6.000000000000000888e-01 -3.294050000000000221e-09
-5.799999999999999600e-01 -3.004200000000000028e-09
-5.599999999999999423e-01 -2.744880000000000555e-09
-5.400000000000000355e-01 -2.502370000000000324e-09
-5.200000000000000178e-01 -2.245270000000000044e-09
-5.000000000000000000e-01 -2.030409999999999816e-09
-4.799999999999999822e-01 -1.833050000000000200e-09
-4.599999999999999645e-01 -1.650320000000000149e-09
-4.400000000000000577e-01 -1.484970000000000095e-09
-4.200000000000000400e-01 -1.330049999999999972e-09
-4.000000000000000222e-01 -1.187020000000000105e-09
-3.800000000000000044e-01 -1.057790000000000128e-09
-3.600000000000000422e-01 -9.404140000000000987e-10
-3.400000000000000244e-01 -8.312989999999999021e-10
-3.200000000000000622e-01 -7.337580000000000422e-10
-3.000000000000000444e-01 -6.438970000000000979e-10
-2.799999999999999711e-01 -5.628759999999999906e-10
-2.600000000000000089e-01 -4.883149999999999831e-10
-2.399999999999999911e-01 -4.233270000000000003e-10
-2.200000000000000289e-01 -3.623320000000000470e-10
-2.000000000000000111e-01 -3.091130000000000057e-10
-1.800000000000000211e-01 -2.617669999999999916e-10
-1.600000000000000311e-01 -2.189439999999999783e-10
-1.399999999999999856e-01 -1.803279999999999950e-10
-1.199999999999999956e-01 -1.467460000000000018e-10
-1.000000000000000056e-01 -1.162720000000000070e-10
-8.000000000000000167e-02 -8.866599999999999398e-11
-5.999999999999999778e-02 -6.382699999999998804e-11
-4.000000000000000083e-02 -4.087399999999999244e-11
-2.000000000000000042e-02 -2.000100000000000091e-11
0.000000000000000000e+00 4.710000000000000125e-13
