0.000000000000000000e+00 3.930000000000000420e-13
2.000000000000000042e-02 2.063699999999999618e-11
4.000000000000000083e-02 4.155700000000000316e-11
5.999999999999999778e-02 6.457399999999999849e-11
8.000000000000000167e-02 8.769199999999998783e-11
1.000000000000000056e-01 1.158539999999999884e-10
1.199999999999999956e-01 1.453040000000000134e-10
1.399999999999999856e-01 1.784100000000000074e-10
1.600000000000000311e-01 2.157669999999999953e-10
1.800000000000000211e-01 2.576060000000000201e-10
2.000000000000000111e-01 3.039180000000000045e-10
2.200000000000000289e-01 3.565430000000000167e-10
2.399999999999999911e-01 4.128199999999999765e-10
2.600000000000000089e-01 4.758270000000000775e-10
2.799999999999999711e-01 5.449609999999999548e-10
3.000000000000000444e-01 6.233170000000000510e-10
3.200000000000000622e-01 7.084240000000000550e-10
3.400000000000000244e-01 8.007170000000000795e-10
3.600000000000000422e-01 9.028269999999999471e-10
3.800000000000000044e-01 1.012920000000000055e-09
4.000000000000000222e-01 1.133280000000000040e-09
4.200000000000000400e-01 1.265080000000000144e-09
4.400000000000000577e-01 1.408520000000000012e-09
4.599999999999999645e-01 1.562320000000000040e-09
4.799999999999999822e-01 1.729740000000000067e-09
5.000000000000000000e-01 1.908449999999999960e-09
5.200000000000000178e-01 2.105540000000000155e-09
5.400000000000000355e-01 2.315630000000000202e-09
5.599999999999999423e-01 2.546009999999999979e-09
5.799999999999999600e-01 2.789569999999999912e-09
6.000000000000000888e-01 3.054450000000000345e-09
6.200000000000001066e-01 3.338220000000000493e-09
6.400000000000001243e-01 3.641709999999999825e-09
6.600000000000000311e-01 4.478150000000000299e-09
6.800000000000000488e-01 3.265800000000000034e-07
7.000000000000000666e-01 1.000029999999999978e-04
7.200000000000000844e-01 1.000019999999999956e-04
7.400000000000001021e-01 1.000029999999999978e-04
7.600000000000000089e-01 1.000029999999999978e-04
7.800000000000000266e-01 1.000029999999999978e-04
8.000000000000000444e-01 1.000040000000000136e-04
8.199999999999999512e-01 2.694559999999999744e-06
8.400000000000000799e-01 1.000029999999999978e-04
8.599999999999999867e-01 1.000010000000000070e-04
8.800000000000001155e-01 1.000019999999999956e-04
9.000000000000000222e-01 1.000029999999999978e-04
9.199999999999999289e-01 1.000029999999999978e-04
9.400000000000000577e-01 1.000029999999999978e-04
9.599999999999999645e-01 1.000040000000000136e-04
9.800000000000000933e-01 1.000029999999999978e-04
9.800000000000000933e-01 1.000029999999999978e-04
9.599999999999999645e-01 1.000029999999999978e-04
9.400000000000000577e-01 1.000029999999999978e-04
9.199999999999999289e-01 1.000019999999999956e-04
9.000000000000000222e-01 1.000029999999999978e-04
8.800000000000001155e-01 1.000029999999999978e-04
8.599999999999999867e-01 1.000040000000000136e-04
8.400000000000000799e-01 1.000029999999999978e-04
8.199999999999999512e-01 1.000029999999999978e-04
8.000000000000000444e-01 1.000019999999999956e-04
7.800000000000000266e-01 1.000029999999999978e-04
7.600000000000000089e-01 1.000040000000000136e-04
7.400000000000001021e-01 1.000019999999999956e-04
7.200000000000000844e-01 1.000029999999999978e-04
7.000000000000000666e-01 1.000029999999999978e-04
6.800000000000000488e-01 1.000029999999999978e-04
6.600000000000000311e-01 1.000029999999999978e-04
6.400000000000001243e-01 1.000029999999999978e-04
6.200000000000001066e-01 1.000029999999999978e-04
6.000000000000000888e-01 1.000019999999999956e-04
5.799999999999999600e-01 1.000029999999999978e-04
5.599999999999999423e-01 1.000019999999999956e-04
5.400000000000000355e-01 1.000029999999999978e-04
5.200000000000000178e-01 1.000029999999999978e-04
5.000000000000000000e-01 1.000019999999999956e-04
4.799999999999999822e-01 1.391199999999999911e-07
4.599999999999999645e-01 2.915999999999999694e-06
4.400000000000000577e-01 6.788199999999999822e-05
4.200000000000000400e-01 9.999999999999999547e-08
4.000000000000000222e-01 1.669499999999999961e-07
3.800000000000000044e-01 1.000029999999999978e-04
3.600000000000000422e-01 1.000029999999999978e-04
3.400000000000000244e-01 1.000019999999999956e-04
3.200000000000000622e-01 1.000029999999999978e-04
3.000000000000000444e-01 1.000029999999999978e-04
2.799999999999999711e-01 9.615600000000001923e-05
2.600000000000000089e-01 8.903400000000000170e-05
2.399999999999999911e-01 8.160600000000001793e-05
2.200000000000000289e-01 7.413700000000001203e-05
2.000000000000000111e-01 6.723500000000000255e-05
1.800000000000000211e-01 6.007100000000000812e-05
1.600000000000000311e-01 5.325800000000000407e-05
1.399999999999999856e-01 4.637100000000000716e-05
1.199999999999999956e-01 3.966400000000000513e-05
1.000000000000000056e-01 3.295100000000000351e-05
8.000000000000000167e-02 2.631899999999999992e-05
5.999999999999999778e-02 1.979100000000000076e-05
4.000000000000000083e-02 1.304600000000000011e-05
2.000000000000000042e-02 6.559079999999999888e-06
0.000000000000000000e+00 9.846570000000000006e-08
0.000000000000000000e+00 7.247919999999999431e-08
-2.000000000000000042e-02 -5.973719999999999787e-06
-4.000000000000000083e-02 -1.195100000000000128e-05
-5.999999999999999778e-02 -1.801000000000000205e-05
-8.000000000000000167e-02 -2.408700000000000164e-05
-1.000000000000000056e-01 -3.007100000000000059e-05
-1.199999999999999956e-01 -3.632500000000000204e-05
-1.399999999999999856e-01 -4.222600000000000534e-05
-1.600000000000000311e-01 -4.784099999999999816e-05
-1.800000000000000211e-01 -5.363800000000001059e-05
-2.000000000000000111e-01 -5.814400000000000438e-05
-2.200000000000000289e-01 -6.346600000000000527e-05
-2.399999999999999911e-01 -6.816300000000000451e-05
-2.600000000000000089e-01 -6.245000000000000009e-05
-2.799999999999999711e-01 -6.362700000000000593e-05
-3.000000000000000444e-01 -6.335500000000000582e-05
-3.200000000000000622e-01 -5.771700000000000322e-05
-3.400000000000000244e-01 -6.037100000000000186e-05
-3.600000000000000422e-01 -6.514999999999999795e-05
-3.800000000000000044e-01 -6.952499999999999587e-05
-4.000000000000000222e-01 -6.812000000000000509e-05
-4.200000000000000400e-01 -6.762400000000001526e-05
-4.400000000000000577e-01 -6.815900000000000929e-05
-4.599999999999999645e-01 -6.321700000000000138e-05
-4.799999999999999822e-01 -5.834300000000000027e-05
-5.000000000000000000e-01 -5.820400000000000720e-05
-5.200000000000000178e-01 -5.368400000000000981e-05
-5.400000000000000355e-01 -4.958200000000000064e-05
-5.599999999999999423e-01 -3.977899999999999980e-05
-5.799999999999999600e-01 -3.787700000000000344e-05
-6.000000000000000888e-01 -3.042300000000000332e-05
-6.200000000000001066e-01 -2.750200000000000198e-05
-6.400000000000001243e-01 -3.419900000000000240e-05
-6.600000000000000311e-01 -2.418200000000000327e-05
-6.800000000000000488e-01 -2.687400000000000054e-05
-7.000000000000000666e-01 -1.249000000000000239e-05
-7.200000000000000844e-01 -1.139999999999999927e-05
-7.400000000000001021e-01 -1.566300000000000233e-05
-7.600000000000000089e-01 -1.299000000000000099e-05
-7.800000000000000266e-01 -1.309800000000000233e-05
-8.000000000000000444e-01 -7.817750000000000636e-09
-8.199999999999999512e-01 -8.442580000000000018e-09
-8.400000000000000799e-01 -9.132120000000000514e-09
-8.599999999999999867e-01 -9.896900000000000431e-09
-8.800000000000001155e-01 -1.075390999999999931e-08
-9.000000000000000222e-01 -1.507340000000000049e-08
-9.199999999999999289e-01 -1.615080000000000259e-08
-9.199999999999999289e-01 -1.273960000000000014e-08
-9.000000000000000222e-01 -1.160379999999999999e-08
-8.800000000000001155e-01 -1.102409999999999877e-08
-8.599999999999999867e-01 -9.935700000000000752e-09
-8.400000000000000799e-01 -9.187720000000001025e-09
-8.199999999999999512e-01 -8.485419999999999428e-09
-8.000000000000000444e-01 -7.857110000000000798e-09
-7.800000000000000266e-01 -7.245470000000000623e-09
-7.600000000000000089e-01 -6.709760000000000619e-09
-7.400000000000001021e-01 -6.202720000000000269e-09
-7.200000000000000844e-01 -5.689420000000000398e-09
-7.000000000000000666e-01 -5.207279999999999827e-09
-6.800000000000000488e-01 -4.780080000000000310e-09
-6.600000000000000311e-01 -4.396120000000000325e-09
-6.400000000000001243e-01 -4.018260000000000143e-09
-6.200000000000001066e-01 -3.672100000000000172e-09
-6.000000000000000888e-01 -3.353810000000000436e-09
-5.799999999999999600e-01 -3.055099999999999924e-09
-5.599999999999999423e-01 -2.779650000000000426e-09
-5.400000000000000355e-01 -2.528150000000000208e-09
-5.200000000000000178e-01 -2.395350000000000419e-09
-5.000000000000000000e-01 -2.175680000000000080e-09
-4.799999999999999822e-01 -1.877850000000000086e-09
-4.599999999999999645e-01 -1.706220000000000132e-09
-4.400000000000000577e-01 -1.552280000000000144e-09
-4.200000000000000400e-01 -1.356900000000000143e-09
-4.000000000000000222e-01 -1.215050000000000059e-09
-3.800000000000000044e-01 -1.089550000000000027e-09
-3.600000000000000422e-01 -9.900600000000001979e-10
-3.400000000000000244e-01 -8.546400000000000597e-10
-3.200000000000000622e-01 -7.581270000000000229e-10
-3.000000000000000444e-01 -6.679080000000000059e-10
-2.799999999999999711e-01 -5.862800000000000682e-10
-2.600000000000000089e-01 -5.114110000000000034e-10
-2.399999999999999911e-01 -4.411720000000000043e-10
-2.200000000000000289e-01 -3.859640000000000126e-10
-2.000000000000000111e-01 -3.253730000000000095e-10
-1.800000000000000211e-01 -2.781380000000000170e-10
-1.600000000000000311e-01 -2.367170000000000109e-10
-1.399999999999999856e-01 -1.936369999999999901e-10
-1.199999999999999956e-01 -1.591820000000000041e-10
-1.000000000000000056e-01 -1.262510000000000120e-10
-8.000000000000000167e-02 -9.632099999999999236e-11
-5.999999999999999778e-02 -7.058600000000000316e-11
-4.000000000000000083e-02 -4.459800000000000202e-11
-2.000000000000000042e-02 -2.114199999999999857e-11
0.000000000000000000e+00 2.299999999999999666e-14
