-5.599999999999999423e-01 -2.714220000000000167e-09
-5.400000000000000355e-01 -2.468230000000000275e-09
-5.200000000000000178e-01 -2.237660000000000315e-09
-5.000000000000000000e-01 -2.026780000000000315e-09
-4.799999999999999822e-01 -1.831210000000000132e-09
-4.599999999999999645e-01 -1.649050000000000008e-09
-4.400000000000000577e-01 -1.481500000000000106e-09
-4.200000000000000400e-01 -1.327280000000000198e-09
-4.000000000000000222e-01 -1.186440000000000093e-09
-3.800000000000000044e-01 -1.056220000000000102e-09
-3.600000000000000422e-01 -9.379110000000000299e-10
-3.400000000000000244e-01 -8.316520000000001386e-10
-3.200000000000000622e-01 -7.317320000000000329e-10
-3.000000000000000444e-01 -6.428800000000000589e-10
-2.799999999999999711e-01 -5.623689999999999840e-10
-2.600000000000000089e-01 -4.892370000000000343e-10
-2.399999999999999911e-01 -4.225930000000000109e-10
-2.200000000000000289e-01 -3.626050000000000108e-10
-2.000000000000000111e-01 -3.096420000000000460e-10
-1.800000000000000211e-01 -2.612870000000000098e-10
-1.600000000000000311e-01 -2.186350000000000158e-10
-1.399999999999999856e-01 -1.809590000000000055e-10
-1.199999999999999956e-01 -1.466900000000000125e-10
-1.000000000000000056e-01 -1.154050000000000011e-10
-8.000000000000000167e-02 -8.827199999999998738e-11
-5.999999999999999778e-02 -6.429599999999999180e-11
-4.000000000000000083e-02 -4.129900000000000002e-11
-2.000000000000000042e-02 -2.032300000000000054e-11
0.000000000000000000e+00 4.150000000000000492e-13
