-5.000000000000000000e-01 -2.017549999999999924e-09
-4.799999999999999822e-01 -1.824160000000000037e-09
-4.599999999999999645e-01 -1.644360000000000099e-09
-4.400000000000000577e-01 -1.477880000000000277e-09
-4.200000000000000400e-01 -1.325960000000000041e-09
-4.000000000000000222e-01 -1.185100000000000178e-09
-3.800000000000000044e-01 -1.055770000000000171e-09
-3.600000000000000422e-01 -9.368620000000000266e-10
-3.400000000000000244e-01 -8.290520000000000649e-10
-3.200000000000000622e-01 -7.321650000000000251e-10
-3.000000000000000444e-01 -6.419990000000000492e-10
-2.799999999999999711e-01 -5.611999999999999852e-10
-2.600000000000000089e-01 -4.878459999999999923e-10
-2.399999999999999911e-01 -4.222190000000000595e-10
-2.200000000000000289e-01 -3.630119999999999868e-10
-2.000000000000000111e-01 -3.097280000000000083e-10
-1.800000000000000211e-01 -2.613789999999999718e-10
-1.600000000000000311e-01 -2.183620000000000003e-10
-1.399999999999999856e-01 -1.799460000000000009e-10
-1.199999999999999956e-01 -1.465819999999999907e-10
-1.000000000000000056e-01 -1.160830000000000013e-10
-8.000000000000000167e-02 -8.821199999999998965e-11
-5.999999999999999778e-02 -6.454900000000000374e-11
-4.000000000000000083e-02 -4.154099999999999515e-11
-2.000000000000000042e-02 -2.010800000000000116e-11
0.000000000000000000e+00 4.480000000000000601e-13
