0.000000000000000000e+00 3.359999999999999819e-13
2.000000000000000042e-02 2.114399999999999634e-11
4.000000000000000083e-02 4.132199999999999700e-11
5.999999999999999778e-02 6.397899999999999951e-11
8.000000000000000167e-02 8.842799999999999439e-11
1.000000000000000056e-01 1.153600000000000028e-10
1.199999999999999956e-01 1.455070000000000229e-10
1.399999999999999856e-01 1.784530000000000144e-10
1.600000000000000311e-01 2.147770000000000070e-10
1.800000000000000211e-01 2.564960000000000105e-10
2.000000000000000111e-01 3.044390000000000279e-10
2.200000000000000289e-01 3.559730000000000383e-10
2.399999999999999911e-01 4.124200000000000089e-10
2.600000000000000089e-01 4.750610000000000204e-10
2.799999999999999711e-01 5.460800000000000416e-10
3.000000000000000444e-01 6.221379999999999665e-10
3.200000000000000622e-01 7.080429999999999919e-10
3.400000000000000244e-01 7.995890000000000189e-10
3.600000000000000422e-01 9.025680000000000000e-10
3.800000000000000044e-01 1.012760000000000130e-09
4.000000000000000222e-01 1.133729999999999972e-09
4.200000000000000400e-01 1.263980000000000220e-09
4.400000000000000577e-01 1.407580000000000220e-09
4.599999999999999645e-01 1.562289999999999989e-09
4.799999999999999822e-01 1.728100000000000061e-09
5.000000000000000000e-01 2.067820000000000414e-09
5.200000000000000178e-01 2.269839999999999763e-08
5.400000000000000355e-01 7.854599999999998879e-07
5.599999999999999423e-01 3.052639999999999914e-09
5.799999999999999600e-01 1.608400000000000029e-07
6.000000000000000888e-01 9.009919999999998930e-08
6.200000000000001066e-01 1.000029999999999978e-04
6.400000000000001243e-01 1.000019999999999956e-04
6.600000000000000311e-01 1.000029999999999978e-04
6.800000000000000488e-01 1.000029999999999978e-04
7.000000000000000666e-01 1.000040000000000136e-04
7.200000000000000844e-01 1.000019999999999956e-04
7.400000000000001021e-01 1.000019999999999956e-04
7.600000000000000089e-01 1.000029999999999978e-04
7.600000000000000089e-01 1.000019999999999956e-04
7.400000000000001021e-01 1.000019999999999956e-04
7.200000000000000844e-01 5.057799999999999669e-07
7.000000000000000666e-01 1.000019999999999956e-04
6.800000000000000488e-01 1.000029999999999978e-04
6.600000000000000311e-01 1.000029999999999978e-04
6.400000000000001243e-01 1.000029999999999978e-04
6.200000000000001066e-01 1.000029999999999978e-04
6.000000000000000888e-01 1.000019999999999956e-04
5.799999999999999600e-01 1.000029999999999978e-04
5.599999999999999423e-01 1.000019999999999956e-04
5.400000000000000355e-01 1.000019999999999956e-04
5.200000000000000178e-01 1.000040000000000136e-04
5.000000000000000000e-01 1.000010000000000070e-04
4.799999999999999822e-01 1.000029999999999978e-04
4.599999999999999645e-01 1.000029999999999978e-04
4.400000000000000577e-01 1.000029999999999978e-04
4.200000000000000400e-01 1.000029999999999978e-04
4.000000000000000222e-01 1.000029999999999978e-04
3.800000000000000044e-01 1.000029999999999978e-04
3.600000000000000422e-01 1.000040000000000136e-04
3.400000000000000244e-01 1.000029999999999978e-04
3.200000000000000622e-01 1.000029999999999978e-04
3.000000000000000444e-01 1.000019999999999956e-04
2.799999999999999711e-01 1.000029999999999978e-04
2.600000000000000089e-01 1.000029999999999978e-04
2.399999999999999911e-01 1.000019999999999956e-04
2.200000000000000289e-01 1.000019999999999956e-04
2.000000000000000111e-01 1.000029999999999978e-04
1.800000000000000211e-01 1.000029999999999978e-04
1.600000000000000311e-01 9.838300000000000994e-05
1.399999999999999856e-01 8.646900000000001525e-05
1.199999999999999956e-01 7.358500000000000782e-05
1.000000000000000056e-01 6.046200000000000489e-05
8.000000000000000167e-02 4.831100000000000552e-05
5.999999999999999778e-02 3.547300000000000409e-05
4.000000000000000083e-02 2.340500000000000376e-05
2.000000000000000042e-02 1.180199999999999983e-05
0.000000000000000000e+00 1.651699999999999894e-07
0.000000000000000000e+00 6.730889999999999201e-08
-2.000000000000000042e-02 -5.228559999999999962e-06
-4.000000000000000083e-02 -1.057668000000000188e-05
-5.999999999999999778e-02 -1.627600000000000138e-05
-8.000000000000000167e-02 -2.126599999999999934e-05
-1.000000000000000056e-01 -2.642999999999999937e-05
-1.199999999999999956e-01 -3.195500000000000152e-05
-1.399999999999999856e-01 -3.714200000000000455e-05
-1.600000000000000311e-01 -4.186300000000000221e-05
-1.800000000000000211e-01 -4.597300000000000182e-05
-2.000000000000000111e-01 -5.001999999999999882e-05
-2.200000000000000289e-01 -4.296199999999999965e-05
-2.399999999999999911e-01 -8.167830000000000155e-08
-2.600000000000000089e-01 -1.759169999999999996e-08
-2.799999999999999711e-01 -1.010019999999999993e-09
-3.000000000000000444e-01 -1.543050000000000167e-09
-3.200000000000000622e-01 -2.123970000000000059e-09
-3.400000000000000244e-01 -1.258769999999999987e-09
-3.600000000000000422e-01 -1.435970000000000160e-09
-3.800000000000000044e-01 -1.156390000000000181e-09
-4.000000000000000222e-01 -1.234890000000000065e-09
-4.200000000000000400e-01 -1.381310000000000062e-09
-4.400000000000000577e-01 -1.500950000000000075e-09
-4.599999999999999645e-01 -2.508780000000000099e-09
-4.799999999999999822e-01 -2.155660000000000391e-09
-5.000000000000000000e-01 -2.502440000000000304e-09
-5.200000000000000178e-01 -2.696740000000000347e-09
-5.200000000000000178e-01 -2.229260000000000220e-09
-5.000000000000000000e-01 -2.019510000000000195e-09
-4.799999999999999822e-01 -1.823530000000000216e-09
-4.599999999999999645e-01 -1.642380000000000071e-09
-4.400000000000000577e-01 -1.477590000000000064e-09
-4.200000000000000400e-01 -1.324430000000000151e-09
-4.000000000000000222e-01 -1.182690000000000183e-09
-3.800000000000000044e-01 -1.053920000000000017e-09
-3.600000000000000422e-01 -9.375970000000000246e-10
-3.400000000000000244e-01 -8.288379999999999868e-10
-3.200000000000000622e-01 -7.312059999999999666e-10
-3.000000000000000444e-01 -6.418800000000000623e-10
-2.799999999999999711e-01 -5.612370000000000958e-10
-2.600000000000000089e-01 -4.878339999999999927e-10
-2.399999999999999911e-01 -4.219710000000000000e-10
-2.200000000000000289e-01 -3.622010000000000089e-10
-2.000000000000000111e-01 -3.087210000000000034e-10
-1.800000000000000211e-01 -2.607920000000000027e-10
-1.600000000000000311e-01 -2.187990000000000268e-10
-1.399999999999999856e-01 -1.798459999999999960e-10
-1.199999999999999956e-01 -1.465979999999999988e-10
-1.000000000000000056e-01 -1.159289999999999985e-10
-8.000000000000000167e-02 -8.832299999999999837e-11
-5.999999999999999778e-02 -6.377199999999999443e-11
-4.000000000000000083e-02 -4.149799999999999463e-11
-2.000000000000000042e-02 -2.020199999999999975e-11
0.000000000000000000e+00 5.410000000000000172e-13
