0.000000000000000000e+00 -2.970000000000000471e-13
2.000000000000000042e-02 2.051400000000000084e-11
4.000000000000000083e-02 4.252399999999999450e-11
5.999999999999999778e-02 6.449399999999999721e-11
8.000000000000000167e-02 8.859899999999998790e-11
1.000000000000000056e-01 1.165170000000000020e-10
1.199999999999999956e-01 1.466639999999999963e-10
1.399999999999999856e-01 1.791400000000000142e-10
1.600000000000000311e-01 2.165080000000000189e-10
1.800000000000000211e-01 2.573259999999999963e-10
2.000000000000000111e-01 3.043300000000000234e-10
2.200000000000000289e-01 3.554730000000000400e-10
2.399999999999999911e-01 4.135420000000000181e-10
2.600000000000000089e-01 4.770909999999999606e-10
2.799999999999999711e-01 5.476969999999999544e-10
3.000000000000000444e-01 6.223870000000000346e-10
3.200000000000000622e-01 7.076219999999999993e-10
3.400000000000000244e-01 8.003010000000000263e-10
3.600000000000000422e-01 9.016679999999999308e-10
3.800000000000000044e-01 1.012839999999999989e-09
4.000000000000000222e-01 1.131310000000000098e-09
4.200000000000000400e-01 1.263370000000000157e-09
4.400000000000000577e-01 1.407800000000000040e-09
4.599999999999999645e-01 1.560650000000000189e-09
4.799999999999999822e-01 1.000029999999999978e-04
5.000000000000000000e-01 1.000029999999999978e-04
5.200000000000000178e-01 1.000019999999999956e-04
5.400000000000000355e-01 1.000029999999999978e-04
5.599999999999999423e-01 1.000019999999999956e-04
5.799999999999999600e-01 1.000029999999999978e-04
6.000000000000000888e-01 1.000019999999999956e-04
6.200000000000001066e-01 1.000029999999999978e-04
6.400000000000001243e-01 1.000029999999999978e-04
6.600000000000000311e-01 1.000029999999999978e-04
6.800000000000000488e-01 1.000019999999999956e-04
7.000000000000000666e-01 1.000019999999999956e-04
7.200000000000000844e-01 1.000029999999999978e-04
7.400000000000001021e-01 1.000019999999999956e-04
7.600000000000000089e-01 1.000029999999999978e-04
7.600000000000000089e-01 1.000019999999999956e-04
7.400000000000001021e-01 1.000029999999999978e-04
7.200000000000000844e-01 1.000019999999999956e-04
7.000000000000000666e-01 1.000029999999999978e-04
6.800000000000000488e-01 1.000029999999999978e-04
6.600000000000000311e-01 1.000029999999999978e-04
6.400000000000001243e-01 1.000040000000000136e-04
6.200000000000001066e-01 1.000019999999999956e-04
6.000000000000000888e-01 1.000029999999999978e-04
5.799999999999999600e-01 1.000029999999999978e-04
5.599999999999999423e-01 1.000029999999999978e-04
5.400000000000000355e-01 1.000029999999999978e-04
5.200000000000000178e-01 1.000029999999999978e-04
5.000000000000000000e-01 1.000029999999999978e-04
4.799999999999999822e-01 1.000040000000000136e-04
4.599999999999999645e-01 1.000029999999999978e-04
4.400000000000000577e-01 1.000040000000000136e-04
4.200000000000000400e-01 1.000029999999999978e-04
4.000000000000000222e-01 1.000019999999999956e-04
3.800000000000000044e-01 1.000029999999999978e-04
3.600000000000000422e-01 1.000019999999999956e-04
3.400000000000000244e-01 1.000019999999999956e-04
3.200000000000000622e-01 1.000029999999999978e-04
3.000000000000000444e-01 1.000019999999999956e-04
2.799999999999999711e-01 1.000019999999999956e-04
2.600000000000000089e-01 1.000029999999999978e-04
2.399999999999999911e-01 1.000040000000000136e-04
2.200000000000000289e-01 1.000019999999999956e-04
2.000000000000000111e-01 1.000010000000000070e-04
1.800000000000000211e-01 1.000019999999999956e-04
1.600000000000000311e-01 1.000029999999999978e-04
1.399999999999999856e-01 1.000019999999999956e-04
1.199999999999999956e-01 1.000029999999999978e-04
1.000000000000000056e-01 1.000029999999999978e-04
8.000000000000000167e-02 1.000019999999999956e-04
5.999999999999999778e-02 1.000019999999999956e-04
4.000000000000000083e-02 7.953500000000000337e-05
2.000000000000000042e-02 4.014700000000000712e-05
0.000000000000000000e+00 2.881100000000000037e-07
0.000000000000000000e+00 2.343799999999999851e-07
-2.000000000000000042e-02 -3.783300000000000183e-05
-4.000000000000000083e-02 -7.461500000000000305e-05
-5.999999999999999778e-02 -1.127620000000000158e-04
-8.000000000000000167e-02 -1.488000000000000119e-04
-1.000000000000000056e-01 -1.853099999999999995e-04
-1.199999999999999956e-01 -2.357800000000000228e-04
-1.399999999999999856e-01 -3.077100000000000473e-04
-1.600000000000000311e-01 -3.521199999999999829e-04
-1.800000000000000211e-01 -3.703199999999999916e-04
-2.000000000000000111e-01 -3.505900000000000162e-04
-2.200000000000000289e-01 -3.170500000000000358e-04
-2.399999999999999911e-01 -2.303399999999999935e-04
-2.600000000000000089e-01 -1.315199999999999876e-04
-2.799999999999999711e-01 -2.410899999999999906e-05
-3.000000000000000444e-01 -5.187020000000000187e-06
-3.200000000000000622e-01 -2.483379999999999676e-06
-3.400000000000000244e-01 -3.101100000000000260e-06
-3.600000000000000422e-01 -4.695779999999999449e-06
-3.800000000000000044e-01 -1.346999999999999819e-07
-4.000000000000000222e-01 -1.406910000000000056e-08
-4.200000000000000400e-01 -2.024720000000000014e-09
-4.400000000000000577e-01 -1.481330000000000095e-09
-4.599999999999999645e-01 -1.640249999999999997e-09
-4.799999999999999822e-01 -1.842600000000000027e-09
-5.000000000000000000e-01 -2.021799999999999780e-09
-5.200000000000000178e-01 -2.237249999999999900e-09
-5.400000000000000355e-01 -2.469800000000000301e-09
-5.599999999999999423e-01 -2.720070000000000513e-09
-5.799999999999999600e-01 -2.991310000000000086e-09
-5.799999999999999600e-01 -2.976960000000000440e-09
-5.599999999999999423e-01 -2.713589999999999932e-09
-5.400000000000000355e-01 -2.466140000000000337e-09
-5.200000000000000178e-01 -2.236760000000000039e-09
-5.000000000000000000e-01 -2.023699999999999950e-09
-4.799999999999999822e-01 -1.826160000000000030e-09
-4.599999999999999645e-01 -1.646760000000000008e-09
-4.400000000000000577e-01 -1.478870000000000085e-09
-4.200000000000000400e-01 -1.324220000000000004e-09
-4.000000000000000222e-01 -1.183510000000000186e-09
-3.800000000000000044e-01 -1.055069999999999956e-09
-3.600000000000000422e-01 -9.372669999999998820e-10
-3.400000000000000244e-01 -8.283860000000001418e-10
-3.200000000000000622e-01 -7.314550000000000348e-10
-3.000000000000000444e-01 -6.425799999999999668e-10
-2.799999999999999711e-01 -5.608570000000000413e-10
-2.600000000000000089e-01 -4.875940000000000018e-10
-2.399999999999999911e-01 -4.211839999999999695e-10
-2.200000000000000289e-01 -3.627200000000000151e-10
-2.000000000000000111e-01 -3.090470000000000082e-10
-1.800000000000000211e-01 -2.605239999999999784e-10
-1.600000000000000311e-01 -2.191840000000000209e-10
-1.399999999999999856e-01 -1.795640000000000067e-10
-1.199999999999999956e-01 -1.460270000000000118e-10
-1.000000000000000056e-01 -1.162349999999999998e-10
-8.000000000000000167e-02 -8.844299999999999382e-11
-5.999999999999999778e-02 -6.304800000000000035e-11
-4.000000000000000083e-02 -4.094599999999999617e-11
-2.000000000000000042e-02 -2.006800000000000052e-11
0.000000000000000000e+00 4.140000000000000030e-13
