0.000000000000000000e+00 3.760000000000000134e-13
2.000000000000000042e-02 2.044299999999999599e-11
4.000000000000000083e-02 4.184700000000000294e-11
5.999999999999999778e-02 6.416499999999999246e-11
8.000000000000000167e-02 8.861399999999998733e-11
1.000000000000000056e-01 1.157140000000000152e-10
1.199999999999999956e-01 1.460200000000000034e-10
1.399999999999999856e-01 1.784100000000000074e-10
1.600000000000000311e-01 2.156470000000000257e-10
1.800000000000000211e-01 2.568909999999999869e-10
2.000000000000000111e-01 3.047959999999999885e-10
2.200000000000000289e-01 3.564490000000000375e-10
2.399999999999999911e-01 4.128940000000000426e-10
2.600000000000000089e-01 4.759859999999999939e-10
2.799999999999999711e-01 5.462989999999999557e-10
3.000000000000000444e-01 6.223650000000000527e-10
3.200000000000000622e-01 7.078240000000000778e-10
3.400000000000000244e-01 8.011970000000000613e-10
3.600000000000000422e-01 9.024010000000001184e-10
3.800000000000000044e-01 1.012270000000000062e-09
4.000000000000000222e-01 1.133110000000000030e-09
4.200000000000000400e-01 1.264529999999999975e-09
4.400000000000000577e-01 1.407050000000000016e-09
4.599999999999999645e-01 1.562210000000000130e-09
4.799999999999999822e-01 1.732510000000000048e-09
5.000000000000000000e-01 2.915230000000000158e-08
5.200000000000000178e-01 4.376299999999999291e-07
5.400000000000000355e-01 1.000019999999999956e-04
5.599999999999999423e-01 1.000019999999999956e-04
5.799999999999999600e-01 1.000029999999999978e-04
6.000000000000000888e-01 1.000019999999999956e-04
6.200000000000001066e-01 1.000029999999999978e-04
6.400000000000001243e-01 1.000019999999999956e-04
6.600000000000000311e-01 1.000029999999999978e-04
6.800000000000000488e-01 1.000029999999999978e-04
7.000000000000000666e-01 1.000019999999999956e-04
7.200000000000000844e-01 1.000019999999999956e-04
